0 2 7
90 -90 0
1
0
1 0 0
0.5 0.5 0.5
-5 5 0.25
0 0 1
0
0 
0 
0
2
9
0
0 0 1
1 1 0.1
0 0 1.1
0 0 1
1
1 
0 
1
0 0 1
0.1 1
-1 0 1.1
-1 0 0
1
1 
0 
1
0 0 1
0.1 1
1 0 1.1
1 0 0
1
1 
0 
1
0 0 1
0.1 1
0 1 1.1
0 1 0
1
1 
0 
1
0 0 1
0.1 1
0 -1 1.1
0 -1 0
1
1 
0 
1
0 0 1
0.1 1
-1.5 0 0.6
0 0 1
1
1 
1 
1
0 0 1
0.1 1
1.5 0 0.6
0 0 1
1
1 
1 
1
0 0 1
0.1 1
0 1.5 0.6
0 0 1
1
1 
1 
1
0 0 1
0.1 1
0 -1.5 0.6
0 0 1
1
1 
1 
8
1 5 
-1.5 0 1.1 
0 1 0 
-10 10 
1 
2 6 
1.5 0 1.1 
0 -1 0 
-10 10 
1 
3 7 
0 1.5 1.1 
1 0 0 
-10 10 
1 
4 8 
0 -1.5 1.1 
-1 0 0 
-10 10 
1 
0 1 
-0.5 0 1.1 
0 1 0 
-10 10 
1 
0 2 
0.5 0 1.1 
0 -1 0 
-10 10 
1 
0 3 
0 0.5 1.1 
1 0 0 
-10 10 
1 
0 4 
0 -0.5 1.1 
-1 0 0 
-10 10 
1 
9
0
0 0 1
1 1 0.1
-4 4 1.1
0 0 1
1
1 
0 
1
0 0 1
0.1 1
-5 4 1.1
-1 0 0
1
1 
0 
1
0 0 1
0.1 1
-3 4 1.1
1 0 0
1
1 
0 
1
0 0 1
0.1 1
-4 5 1.1
0 1 0
1
1 
0 
1
0 0 1
0.1 1
-4 3 1.1
0 -1 0
1
1 
0 
1
0 0 1
0.1 1
-5.5 4 0.6
0 0 1
1
1 
1 
1
0 0 1
0.1 1
-2.5 4 0.6
0 0 1
1
1 
1 
1
0 0 1
0.1 1
-4 5.5 0.6
0 0 1
1
1 
1 
1
0 0 1
0.1 1
-4 2.5 0.6
0 0 1
1
1 
1 
8
1 5 
-5.5 4 1.1 
0 1 0 
-10 10 
1 
2 6 
-2.5 4 1.1 
0 -1 0 
-10 10 
1 
3 7 
-4 5.5 1.1 
1 0 0 
-10 10 
1 
4 8 
-4 2.5 1.1 
-1 0 0 
-10 10 
1 
0 1 
-4.5 4 1.1 
0 1 0 
-10 10 
1 
0 2 
-3.5 4 1.1 
0 -1 0 
-10 10 
1 
0 3 
-4 4.5 1.1 
1 0 0 
-10 10 
1 
0 4 
-4 3.5 1.1 
-1 0 0 
-10 10 
1 
2
1
21
8
500
497
-100
-0.0379181
-1
500
-100
1
1
1
1 8
0.998762 0.231169 0.163817 0.0001 0.481956 0.390023 0.00805948 0.998621 
1
8 8
-7.19451 15.8709 -15.0717 9.49798 -15.197 14.0187 -15.6242 15.249 
3.94778 -16 15.9151 -15.9073 -15.5695 6.77378 4.51059 -15.6452 
-14.2186 -15.9033 2.49515 15.8 15.7026 15.8337 7.94739 -15.3766 
-15.8121 -15.728 -7.09495 -16 -4.24619 4.8016 15.9961 16 
15.9835 -11.3716 15.5847 15.8554 15.856 -15.7958 -6.38558 4.32656 
-11.3478 16 15.6189 -15.5343 -16 -0.898179 15.8875 -15.3351 
15.992 -10.6294 -7.85205 -9.60677 16 -16 -15.9216 -15.9681 
6.12752 -14.9932 -15.0245 15.7046 -15.9876 -15.9222 -15.9366 10.608 
1
1 8
-3.95186 -3.96312 3.45116 -3.96464 -3.92149 3.92611 3.81122 3.84609 
1
63 8
15.663 -15.364 15.9158 15.7661 15.4843 -16 -13.8059 -15.6458 
15.9986 15.8984 -15.2372 -14.6846 -15.7854 6.12571 -3.29969 15.9257 
-16 15.7806 15.2356 -15.678 -15.4321 -15.6377 15.9585 15.4834 
15.9483 -15.9035 9.73523 -16 13.0531 14.0271 16 -15.5427 
12.5106 15.9611 15.6864 -15.8316 -15.8149 -15.5248 -15.1449 -11.6122 
15.8738 -3.46334 -1.31585 15.9981 -15.9107 15.9269 -4.55533 6.46065 
-15.7859 15.6672 -15.6826 -4.34069 5.22045 -2.37117 -15.9223 5.40594 
-11.4736 15.983 5.79701 15.9214 -15.9511 -15.9777 15.9603 -15.9571 
-15.8564 15.2649 2.4457 -15.7731 15.5706 15.6243 4.34045 15.7857 
16 -15.3777 15.8559 15.3096 13.312 -15.3562 15.7552 15.9724 
-3.26793 -5.92287 15.995 -15.5513 -15.9447 -15.8198 -6.12387 15.5607 
-15.722 15.3318 15.4744 9.85034 12.5459 -15.7214 -15.8262 15.5788 
-15.4931 15.9112 -6.57489 -15.4347 -15.9068 -15.9808 -1.82953 15.9538 
-15.9275 -16 15.8236 0.896926 -4.79376 -15.926 -15.7694 6.25244 
15.5143 15.913 15.6081 -7.27038 -1.83689 -15.4251 -11.7673 8.9261 
-8.72991 -10.7679 -16 15.4908 15.8543 -15.9069 2.35138 15.6876 
15.3256 8.03494 4.14954 -15.6858 8.81332 -5.73746 -3.74862 -13.6091 
15.6025 -14.3132 -2.78577 15.8341 -14.8805 4.30188 -13.3602 15.5214 
-15.3924 10.7273 15.6586 -15.9441 -15.0558 15.9278 -0.318536 -16 
-9.44441 -6.05441 -15.8943 15.9934 -15.8809 -2.07184 -15.8522 -15.5742 
15.7888 15.7672 16 -15.8193 15.5926 10.8175 15.3684 -15.9058 
7.8998 16 15.3624 14.9693 0.635912 -14.7944 15.7801 15.9321 
-15.9476 -15.7211 15.9359 15.2527 9.70903 6.36747 -7.82369 15.4329 
9.70859 -16 -15.6637 11.8297 15.9278 -15.8541 15.9899 16 
15.1169 -15.9715 13.7788 15.9765 -15.5953 -15.8575 -15.8496 9.78464 
15.8118 -15.9802 -15.5784 11.9743 15.6775 15.165 7.45407 -9.00557 
15.9539 15.3072 -13.4995 -15.9233 -15.9234 10.2655 -15.9768 -15.6216 
-15.8688 15.4626 -15.3006 -15.5736 15.8492 -15.7208 15.537 -15.9902 
-15.5783 -9.56259 -15.9163 -7.76517 4.8933 15.6498 15.8818 0.258045 
15.5406 -9.84454 14.5875 -15.632 1.93991 -4.55286 -15.6592 -11.7184 
-15.9653 -15.9009 -2.34742 -15.9791 3.87378 15.6826 -15.9076 0.72668 
-15.7669 -15.7482 15.5318 15.5661 12.6649 -15.2385 -9.0421 -15.9124 
15.607 0.245408 -15.7629 -15.7649 -10.6883 -16 -15.4703 15.8363 
-15.5549 -12.6245 -7.47879 15.9229 15.4652 -15.3165 15.8677 15.662 
-14.9273 2.51673 -15.6612 16 -3.89815 15.6247 16 -10.0789 
-15.5677 15.7794 -10.6171 15.9265 -15.9506 7.11888 -15.8941 -12.0928 
12.9006 -13.3266 -15.6229 -0.383291 15.4549 -15.6775 16 -12.2718 
-15.8935 -2.77895 -4.5954 15.2917 -15.8883 15.7585 -2.99333 -15.6973 
-15.9993 15.9913 15.4834 -15.5345 16 -15.6721 -15.8454 -15.867 
5.52874 -15.6101 -15.6838 -3.99141 15.9812 15.9597 15.0038 15.7706 
15.9498 -2.64029 15.9158 -15.6055 15.9967 -1.2893 15.9657 15.6065 
15.9905 15.616 -15.9685 -0.617274 -8.30702 11.5932 8.28879 -15.6961 
-15.9026 -15.8534 -15.9285 -5.43 -12.6856 15.8393 15.53 -14.9536 
-15.872 15.6984 15.9672 12.0826 -15.2994 -4.65383 -15.7739 -14.5689 
15.8209 0.568782 15.9167 15.5598 -15.6421 3.89171 -15.6732 15.5399 
-1.22425 -15.9988 15.9326 8.02898 15.8734 -15.86 -9.38326 -6.48859 
-8.33442 -15.7053 -15.8998 -15.7427 15.9878 15.8484 -15.8718 16 
15.8081 15.9495 -15.6865 15.537 -15.8159 15.7752 7.58806 0.557029 
15.3872 -15.4114 15.9506 15.7344 15.2494 15.9629 15.9467 15.5469 
-15.8791 0.0690867 15.7193 15.5042 -15.9932 15.9282 -15.5981 -1.95242 
-2.85337 15.6875 16 -15.6 15.847 4.2532 -16 -15.9398 
16 10.8241 -15.7119 -14.6074 -15.9821 -15.7485 15.9957 15.9474 
-0.045599 15.9194 -15.968 -15.5954 15.1167 15.7696 -15.7851 14.6695 
-15.9563 -15.5621 -15.8013 15.5414 15.9917 15.2838 -16 15.7564 
-15.881 15.6152 9.39127 -14.5202 15.1692 -15.9885 15.4847 -16 
15.9868 -16 2.44109 -16 -3.26847 5.98761 -10.8117 15.279 
15.8966 -15.8852 16 -3.70972 -13.8924 15.7515 15.6502 1.24244 
14.7553 0.298223 -16 15.9948 16 -16 -16 -15.1017 
15.8024 13.2374 -15.6781 15.8377 -1.95275 1.39668 -0.710198 -5.98424 
-15.6151 -15.9483 -15.7026 -16 -15.8752 9.67543 -15.9619 8.9573 
-14.2081 16 -15.0936 15.0551 -5.79471 15.9727 -0.372587 15.9734 
15.3182 -15.9876 15.998 15.918 15.7326 -15.9189 -1.97177 -10.0634 
15.2188 15.7704 -15.8137 15.0711 -15.9253 -1.35003 15.9206 14.8334 
21
8
8
1
1
1 8
1 0.161931 0.246361 1 1 0.0001 0.0001 0.0001 
1
8 8
-16 16 -16 -16 -16 -8.86309 -16 16 
-8.98074 -16 16 -16 -11.57 -9.04944 -16 16 
-16 -16 -13.8442 13.0083 1.47616 16 16 -2.04578 
16 -16 16 -16 5.39108 16 16 16 
16 -5.87857 16 16 16 -16 -16 -16 
4.82419 -0.7772 -16 -10.9589 13.1383 16 -7.4006 -16 
-16 -16 16 12.0838 16 -10.1637 6.72825 -16 
13.7497 -10.9045 16 16 -12.6749 5.75383 16 -1.3198 
1
1 8
1.8076 4 4 -4 -4 4 -3.75087 -4 
1
63 8
16 11.4641 16 16 16 2.04327 -10.7577 -16 
16 16 -16 16 -9.3713 -10.3655 16 16 
14.0886 9.9256 -16 16 -16 -16 16 16 
16 -16 -1.54739 -16 -16 13.2397 16 -10.4902 
-16 16 5.32849 -16 -16 4.85581 -16 -16 
14.2153 16 16 9.94658 13.8521 16 -16 16 
-13.769 16 -16 -16 16 -16 -10.432 16 
-9.84797 16 11.3099 -16 -16 -16 16 6.94866 
-16 16 16 -15.8876 -16 16 16 16 
16 -8.95518 16 -0.0573725 16 -16 -16 16 
16 -16 3.67073 4.01259 -16 16 16 -7.47272 
-16 -6.7082 -0.384182 16 16 -16 -16 16 
-16 16 -4.4701 16 -16 -16 -16 -16 
16 -5.10259 16 -6.07583 -16 -6.28288 -16 16 
11.9044 4.81308 -16 -10.9237 -16 13.9251 -16 -14.5543 
-16 -16 -16 7.4617 16 -16 16 -16 
3.57954 4.96627 16 -16 -16 -16 -7.16652 -14.5504 
15.7594 -16 16 16 -16 16 -16 -16 
-16 1.70683 13.9075 -16 9.19402 16 16 16 
16 16 -16 -16 -16 16 -16 16 
16 -9.78357 16 16 -10.4198 16 14.4378 -8.25005 
16 -16 9.5264 16 -5.60168 -9.24547 5.55778 16 
-16 -16 16 16 8.12899 8.1709 -7.93455 -12.3909 
-4.56309 -16 -3.92238 -9.02735 -16 13.0013 9.99903 -16 
16 -16 16 16 -16 -16 9.37123 16 
16 -16 -16 16 3.17486 16 -6.45044 1.80858 
16 16 5.58182 -16 -16 16 -16 16 
16 16 -13.7536 -14.9389 -3.99696 -16 1.54416 16 
-16 7.34173 -16 16 12.2908 3.45862 16 -16 
16 -16 16 -16 -11.202 16 -16 4.66818 
10.5712 -16 -4.42355 -16 -16 16 -16 -16 
-16 -13.8217 -16 16 16 -16 -0.278723 16 
-16 16 10.5049 9.55582 -3.45476 -16 -16 16 
1.19072 -16 16 16 16 16 3.82546 16 
-16 10.9886 10.3827 11.7967 16 5.2631 15.7611 3.61259 
-16 1.86974 -16 -13.8147 -16 -6.3422 -16 7.82791 
4.36582 16 -16 -16 16 -16 16 -16 
-16 10.7808 16 16 2.38301 -16 -16 -3.40878 
16 -16 -0.297579 16 -5.19699 -16 -16 11.9502 
16 -16 -16 -16 16 16 -16 -7.24223 
-10.1716 -3.73679 16 16 5.19997 4.28098 -16 -12.6168 
16 -8.0748 16 -16 -1.90094 13.395 16 -6.34262 
-16 -15.7889 -16 -16 2.76874 8.62848 16 -16 
-16 9.66211 16 -16 13.6658 -16 -7.00535 -16 
9.62893 -16 16 16 -16 14.737 -16 16 
8.52822 -16 16 16 -16 -16 -16 -16 
-4.52417 -12.9358 -12.5931 -16 -16 16 -14.3444 16 
16 16 16 -16 16 16 -16 -16 
15.8632 -2.93989 16 -16 16 -8.93179 -10.633 -12.1192 
-16 -9.87504 16 16 -16 5.83115 -16 8.31288 
16 -16 16 16 16 1.42704 16 14.5179 
16 16 0.227456 -16 16 -16 16 16 
4.51154 16 -16 -16 8.8529 16 -16 1.04976 
-16 -16 -16 16 9.7018 10.2224 -16 16 
16 16 -16 8.11643 11.6799 3.39279 -16 16 
16 -16 16 -1.82878 -16 -5.91359 1.04878 13.0464 
-8.90055 -16 16 -16 -16 16 -16 16 
16 -16 1.80499 16 16 14.3787 -16 3.36597 
16 -0.708917 -16 12.7328 16 -0.279391 15.6507 16 
16 -7.41535 -4.83657 -2.97127 16 16 -16 16 
-13.9503 -15.4327 -4.30152 16 16 16 -6.00322 16 
-8.04192 -16 8.41667 11.1155 16 -11.4056 0.670965 -16 
-14.2901 1.65153 6.38598 11.8057 -16 16 -16 16 
21
8
8
