-10.324 1.958 5.02
0 -6 0
1
0
1 0 0
0.5 0.5 0.5
0 6.2 5.55
0 0 1
1
0 
0 
1
0
0.5 0.5 0.5
0.2 7.7 0.2
0 1.6 4.55
0 0 1
0
0 
0 
2
9
0
0 0 1
1 1 0.1
0 0 6.1
0 0 1
1
1 
0 
1
0 0 1
0.1 1
-1 0 6.1
-1 0 0
1
1 
0 
1
0 0 1
0.1 1
1 0 6.1
1 0 0
1
1 
0 
1
0 0 1
0.1 1
0 1 6.1
0 1 0
1
1 
0 
1
0 0 1
0.1 1
0 -1 6.1
0 -1 0
1
1 
0 
1
0 0 1
0.1 1
-1.5 0 5.6
0 0 1
1
1 
1 
1
0 0 1
0.1 1
1.5 0 5.6
0 0 1
1
1 
1 
1
0 0 1
0.1 1
0 1.5 5.6
0 0 1
1
1 
1 
1
0 0 1
0.1 1
0 -1.5 5.6
0 0 1
1
1 
1 
8
1 5 
-1.5 0 6.1 
0 1 0 
-60 60 
1 
2 6 
1.5 0 6.1 
0 -1 0 
-60 60 
1 
3 7 
0 1.5 6.1 
1 0 0 
-60 60 
1 
4 8 
0 -1.5 6.1 
-1 0 0 
-60 60 
1 
0 1 
-0.5 0 6.1 
0 1 0 
-60 60 
1 
0 2 
0.5 0 6.1 
0 -1 0 
-60 60 
1 
0 3 
0 0.5 6.1 
1 0 0 
-60 60 
1 
0 4 
0 -0.5 6.1 
-1 0 0 
-60 60 
1 
9
0
0 0 1
1 1 0.1
0 4.1 5.1
0 0 1
0
1 
0 
1
0 0 1
0.1 1
-1 4.1 5.1
-1 0 0
0
1 
0 
1
0 0 1
0.1 1
1 4.1 5.1
1 0 0
0
1 
0 
1
0 0 1
0.1 1
0 5.1 5.1
0 1 0
0
1 
0 
1
0 0 1
0.1 1
0 3.1 5.1
0 -1 0
0
1 
0 
1
0 0 1
0.1 1
-1.5 4.1 4.6
0 0 1
0
1 
1 
1
0 0 1
0.1 1
1.5 4.1 4.6
0 0 1
0
1 
1 
1
0 0 1
0.1 1
0 5.6 4.6
0 0 1
0
1 
1 
1
0 0 1
0.1 1
0 2.6 4.6
0 0 1
0
1 
1 
8
1 5 
-1.5 4.1 5.1 
0 1 0 
-60 60 
1 
2 6 
1.5 4.1 5.1 
0 -1 0 
-60 60 
1 
3 7 
0 5.6 5.1 
1 0 0 
-60 60 
1 
4 8 
0 2.6 5.1 
-1 0 0 
-60 60 
1 
0 1 
-0.5 4.1 5.1 
0 1 0 
-60 60 
1 
0 2 
0.5 4.1 5.1 
0 -1 0 
-60 60 
1 
0 3 
0 4.6 5.1 
1 0 0 
-60 60 
1 
0 4 
0 3.6 5.1 
-1 0 0 
-60 60 
1 
0
1
21
8
211
926
-100
-0.0828926
-1
211
-100
1
1
1
1 8
0.999421 0.890696 0.00299434 0.0004357 0.00100097 0.699826 0.541171 0.000251167 
1
8 8
15.9616 -2.82575 14.8661 15.93 16 -15.9618 16 15.9161 
-15.9072 15.9951 -15.9498 -15.9682 -15.8953 7.77935 -11.3421 -15.9242 
15.9818 15.9938 15.9679 -15.9125 -2.82662 15.9812 15.9202 15.9617 
16 -15.8721 9.58683 15.9968 -11.8932 -12.062 7.26425 15.9296 
15.9736 9.05006 15.8949 15.9798 10.5939 -9.99339 -15.9341 -15.9772 
15.9145 11.188 3.39465 -15.9758 15.9917 15.9864 15.9384 15.9883 
-15.9926 14.0096 -15.9568 -0.550521 -15.948 15.9918 -15.9886 15.6667 
-15.9269 -5.73774 -15.952 15.9384 -15.9949 15.7923 -15.9254 15.931 
1
1 8
3.99796 -3.61413 3.98949 -3.99685 -3.98005 3.99805 3.99154 3.9918 
1
63 8
15.9875 15.9274 15.9415 -15.9884 0.341492 -5.18666 2.98487 14.8736 
15.8196 -16 -15.9438 -15.9942 15.9032 -15.9622 -15.9973 -15.933 
-12.1639 15.9527 -15.9452 -15.9269 -16 15.9873 13.4012 15.9487 
15.9852 -15.0014 2.20631 -15.9611 -15.9329 -15.9869 10.2042 -15.9591 
-15.991 15.9937 -8.03696 -15.9842 -6.88731 -15.9936 15.8216 15.9982 
15.9976 15.8839 -15.9493 -15.889 -15.9864 15.9832 15.993 15.9736 
7.49757 15.9983 11.1717 15.957 -15.9735 -15.9354 15.9787 -8.19538 
-6.33465 15.9109 15.8927 15.9253 15.8714 15.9382 -15.9889 -14.9485 
-15.9829 15.8606 15.9467 -15.995 -15.9985 -4.3492 15.9094 -15.9151 
-15.963 15.9042 -15.8848 -15.9449 15.9875 -8.52293 15.9894 -15.8221 
7.66612 2.16293 2.59091 15.9808 15.9626 -11.947 15.9485 8.75129 
-15.9926 15.8726 -15.9528 5.99593 -15.9911 -15.9093 -15.9989 -15.9638 
15.9667 15.9813 -15.9242 15.9321 12.8667 15.9578 15.9949 15.996 
14.4479 15.9354 15.8735 -15.9899 -15.8535 -15.9963 -15.9936 -15.9683 
15.9295 -15.9745 -15.9518 -10.9627 15.9211 15.9909 15.9815 -15.9665 
-15.9828 -15.9958 -15.9858 9.47963 -15.9328 -15.9676 -15.9711 -9.16138 
10.5989 -15.9962 15.9991 -15.9734 -3.26572 15.9024 -15.9685 11.0434 
2.91937 15.8834 15.9232 -15.9651 -15.8924 15.9761 8.87533 -15.9906 
15.9917 15.9868 15.9532 15.972 -9.13827 -11.8045 -15.9741 15.9827 
-0.403941 15.9939 15.9999 -15.9672 15.2121 15.9938 -7.55773 -15.9877 
15.9381 -15.9434 6.31061 15.9392 -15.9373 15.2618 15.9563 -15.3055 
15.9891 -15.9992 -15.0928 15.9251 -15.9475 7.03387 15.9825 3.39827 
12.8589 -15.1187 -7.95057 8.02555 15.9139 -15.9148 15.9391 -9.66579 
15.9377 15.9582 15.9765 -15.8936 12.8326 5.46997 15.9207 15.9998 
15.9964 10.5895 -15.9724 -15.942 -5.66943 -15.9921 15.8291 -15.8716 
-15.9935 15.9185 -15.991 -15.9025 6.47666 9.55738 15.9247 -14.0925 
-1.542 -7.05691 15.9917 8.69461 -15.9885 -15.9984 11.6209 -15.9489 
-15.9639 15.936 4.26628 -15.9977 -15.8946 -4.9 -15.9608 -15.9413 
-15.9312 -15.9506 -15.949 -6.94493 -15.8884 15.8781 -15.9654 -15.9918 
15.9846 -15.9911 7.76332 15.9863 -3.03629 -15.9296 15.9858 -15.9429 
-15.9713 13.1562 15.9332 12.4737 -15.9653 -15.997 12.9841 -15.9787 
15.9983 12.415 15.9942 -0.0439074 -5.78411 7.79222 -15.9392 15.9718 
-15.9657 -3.34166 15.9131 15.9714 15.9342 15.9796 -15.995 -15.9985 
16 15.9987 15.9566 3.83171 15.9992 -15.8887 10.9405 -15.9246 
15.9823 0.275185 -15.8895 -15.9931 15.9607 9.53458 15.9733 15.9105 
-15.0567 -4.71802 15.9691 15.8902 15.968 -15.9324 -15.8162 -15.8497 
8.80485 4.21193 -15.1279 15.9999 14.1788 -15.9514 15.9996 -15.9342 
-15.9943 2.13369 -15.9909 -15.9886 15.8725 15.9166 15.9546 2.6307 
-9.1779 -9.61032 3.45084 15.9958 15.9787 -15.979 0.797496 15.9559 
-1.15272 -13.8764 -15.9865 -15.9112 -15.9893 -15.784 -15.9545 -10.3062 
-15.9749 15.9915 -7.09763 -4.30412 -15.9831 -1.25657 14.7104 15.9363 
-15.9705 -15.9982 15.9914 15.9502 -15.9874 15.9479 15.8992 15.9806 
-15.9684 -15.9329 -0.118745 -15.9781 10.3534 15.9924 -2.03668 -4.04861 
1.00474 15.9674 -11.9098 -15.8881 -8.87141 -10.1058 11.8559 -10.8027 
15.9589 -15.9547 -6.77703 -15.9741 -15.8507 -15.9959 4.33001 -15.1757 
-9.24324 0.530242 -15.9651 4.95005 10.4157 15.9268 -15.9426 15.9403 
9.96191 15.9431 15.9138 -15.9845 -15.9381 -15.8393 -10.4239 -0.729343 
-15.9978 15.924 -15.9846 -16 15.9943 15.9798 15.9427 15.884 
-15.9803 4.07834 15.7563 15.7856 -15.9916 15.9364 9.42736 16 
15.3592 15.9039 2.31915 -15.9979 15.9253 -15.9984 -15.9946 -15.9548 
15.9694 -15.9528 -15.968 -13.8818 15.9166 -15.9617 15.9601 15.9924 
15.9327 15.9699 9.74707 -11.9888 -9.25642 15.9391 -15.9474 -15.907 
15.9256 -15.9767 -5.92812 -15.965 -15.9703 15.9612 -15.9882 15.9921 
-1.84201 13.1922 15.8539 15.9883 -15.8611 -15.9624 -15.9998 -15.943 
-15.9406 -15.994 15.9915 15.8279 -2.20082 5.25195 15.9592 -15.9108 
15.8951 -10.5999 15.9946 12.6719 15.9873 10.6054 -15.9998 -15.9626 
-4.97374 1.93585 15.898 -15.9992 15.8762 -7.00215 -7.37299 15.9836 
-10.2941 -15.9169 -15.9953 -15.9959 15.9221 -11.0728 -15.997 -15.9836 
-3.22253 7.33056 -15.9997 15.9836 15.9685 9.99332 -1.09237 15.9653 
-15.9724 -15.9931 15.9895 14.6191 -15.9999 -15.9805 2.54005 15.9113 
-12.9263 -15.8189 12.9403 6.12831 12.8255 15.9989 13.9858 -15.979 
-15.9633 -15.9893 -3.95993 15.9135 -15.9948 15.9583 -15.9372 -3.77562 
0.00360213 14.4934 -15.9705 -8.86291 15.9902 15.9998 -15.8989 15.9733 
21
8
8
1
1
1 8
1 0.0886656 0.0001 0.0001 0.844579 0.0001 0.0001 0.0001 
1
8 8
16 16 16 16 -16 -6.442 16 10.6586 
-8.92413 -16 -16 16 -16 -16 16 -16 
-16 1.96223 10.0166 14.1453 -16 4.40003 16 -16 
14.8211 -16 16 -2.33855 -12.7185 16 16 16 
15.6972 3.85614 9.7599 16 16 -16 -16 -1.1346 
16 -16 -16 16 -16 16 -16 16 
-16 16 -16 -7.18265 -16 -16 0.786478 -16 
-9.98322 16 -16 13.2215 5.55774 16 -3.39191 7.49004 
1
1 8
4 -4 4 4 -2.74461 -1.41481 4 4 
1
63 8
16 -1.8176 16 16 16 -16 16 16 
16 -16 -16 -16 16 0.182141 -16 6.21446 
-16 16 3.40851 16 -16 -16 -7.94683 16 
16 -14.4499 16 16 -5.88663 -16 4.96534 -16 
-16 -13.1315 -1.60205 -16 -8.02735 -7.97644 16 16 
16 16 -6.08228 -16 -16 16 16 -5.27652 
-16 5.74068 8.9959 -16 -16 -16 16 16 
-12.0933 4.86071 -16 4.05905 16 6.92202 -16 -16 
16 -16 4.45884 -16 7.82607 16 16 -16 
-16 16 -11.551 -16 -11.6015 -16 -16 -16 
1.6428 16 -16 -5.21323 16 -16 -16 7.33444 
-16 -13.2661 -16 16 -16 16 -16 0.598792 
16 -7.06339 9.72751 16 16 -5.56516 1.90441 4.31043 
16 16 16 16 -16 -0.338468 4.19552 6.98445 
-16 15.7223 -16 -16 16 16 16 -16 
-15.0679 5.50025 11.0394 16 -16 -16 -16 -1.77285 
16 -16 -5.50974 16 -16 6.33906 -16 -16 
13.9193 16 3.64072 -16 16 16 -2.53108 4.68622 
-16 16 16 16 -16 5.66033 16 16 
-5.67037 16 -3.67184 16 16 -0.0661824 -15.7777 16 
-16 -15.4394 16 16 -9.10555 8.93692 -16 -16 
16 -16 5.77322 16 15.9002 16 -16 16 
16 -16 -16 -16 14.8006 16 16 -14.4377 
9.24016 -8.04026 4.59328 10.1884 16 5.1738 -16 -14.3022 
8.84466 16 -16 8.76283 -3.12704 -16 -5.63416 -16 
-16 -16 -16 16 16 16 -12.29 -8.41289 
-16 -14.7024 -16 9.03936 11.369 5.68974 -6.37459 -16 
12.0587 16 -1.9968 16 -4.58327 -16 -16 -16 
16 -16 16 1.79113 -16 16 -16 -16 
16 0.53367 -16 0.341591 16 -16 16 -16 
-16 -16 16 9.23778 -16 -10.3738 16 16 
-16 9.53253 16 -16 16 11.5448 16 16 
9.8854 -10.2607 16 -16 -10.3079 16 -16 16 
16 16 16 -16 -0.214658 9.94303 -16 16 
16 5.66345 -16 -16 16 16 16 -0.175374 
-16 16 16 16 -16 -16 0.368825 1.47277 
11.3381 16 16 -3.54094 -16 -16 1.91375 -16 
-11.0745 16 -16 -16 16 -3.26925 16 -8.28725 
16 4.9928 16 16 16 8.91126 -16 16 
-16 -16 6.88211 16 -16 -5.91866 -16 -16 
-16 -15.7848 -13.1975 13.9765 -16 16 -4.44196 16 
5.35767 -9.80258 16 7.29749 -16 -15.9922 0.19489 12.284 
16 -16 -4.07635 -16 -16 -6.26198 -16 -16 
-16 16 16 -16 16 16 16 -11.3222 
-16 16 16 16 16 8.28149 -16 16 
-16 -16 -16 16 16 16 -16 16 
16 16 11.6037 -16 -5.12725 16 -16 -16 
16 16 5.70725 -16 16 -16 16 11.7189 
-16 16 16 -7.83002 -16 16 16 -16 
2.4754 16 -16 5.06514 16 -16 10.3288 -16 
16 -16 -1.27353 -16 16 16 16 -10.0061 
16 7.81892 -16 -16 14.0437 16 -16 0.78138 
16 -16 16 -1.48995 -16 7.18806 -16 16 
16 7.03369 -16 16 16 9.48435 -16 16 
-1.55572 -1.85556 4.35011 -16 13.978 0.96497 16 -16 
16 -16 -16 16 12.0805 16 -16 -16 
-16 11.8414 9.77613 -16 16 -16 16 14.698 
-13.8792 -16 -16 8.25005 16 -16 16 -16 
-16 11.1069 -16 16 16 13.1558 0.656975 16 
-8.91935 -16 -16 16 -16 -10.8028 -16 16 
-16 16 16 3.0557 -3.0678 16 -16 -0.1237 
16 -16 16 16 -16 13.1152 -11.6333 16 
-16 4.74702 9.76799 -16 5.85918 16 16 -16 
21
8
8
