-12.4479 9.84761 9.17
-0.5 -30 0
5
0
1 0 0
0.5 0.5 0.5
0 19 4.65
0 0 1
0
0 
0 
5
0
0.5 0.5 0.5
3.3 3.3 0.5
0 3.3 0.25
0 0 1
0
0 
0 
0
0.5 0.5 0.5
3.3 3.3 0.5
0 6.6 0.75
0 0 1
0
0 
0 
0
0.5 0.5 0.5
3.3 3.3 0.5
0 9.9 1.25
0 0 1
0
0 
0 
0
0.5 0.5 0.5
3.3 3.3 0.5
0 13.2 1.75
0 0 1
0
0 
0 
0
0.5 0.5 0.5
3.3 3.3 0.5
0 16.5 2.25
0 0 1
0
0 
0 
2
9
0
0 0 1
1 1 0.1
0 0 1.1
0 0 1
1
1 
0 
1
0 0 1
0.1 1
-1 0 1.1
-1 0 0
1
1 
0 
1
0 0 1
0.1 1
1 0 1.1
1 0 0
1
1 
0 
1
0 0 1
0.1 1
0 1 1.1
0 1 0
1
1 
0 
1
0 0 1
0.1 1
0 -1 1.1
0 -1 0
1
1 
0 
1
0 0 1
0.1 1
-1.5 0 0.6
0 0 1
1
1 
1 
1
0 0 1
0.1 1
1.5 0 0.6
0 0 1
1
1 
1 
1
0 0 1
0.1 1
0 1.5 0.6
0 0 1
1
1 
1 
1
0 0 1
0.1 1
0 -1.5 0.6
0 0 1
1
1 
1 
8
1 5 
-1.5 0 1.1 
0 1 0 
-45 45 
1 
2 6 
1.5 0 1.1 
0 -1 0 
-45 45 
1 
3 7 
0 1.5 1.1 
1 0 0 
-45 45 
1 
4 8 
0 -1.5 1.1 
-1 0 0 
-45 45 
1 
0 1 
-0.5 0 1.1 
0 1 0 
-45 45 
1 
0 2 
0.5 0 1.1 
0 -1 0 
-45 45 
1 
0 3 
0 0.5 1.1 
1 0 0 
-45 45 
1 
0 4 
0 -0.5 1.1 
-1 0 0 
-45 45 
1 
9
0
0 0 1
1 1 0.1
0 3.3 1.6
0 0 1
0
1 
0 
1
0 0 1
0.1 1
-1 3.3 1.6
-1 0 0
0
1 
0 
1
0 0 1
0.1 1
1 3.3 1.6
1 0 0
0
1 
0 
1
0 0 1
0.1 1
0 4.3 1.6
0 1 0
0
1 
0 
1
0 0 1
0.1 1
0 2.3 1.6
0 -1 0
0
1 
0 
1
0 0 1
0.1 1
-1.5 3.3 1.1
0 0 1
0
1 
1 
1
0 0 1
0.1 1
1.5 3.3 1.1
0 0 1
0
1 
1 
1
0 0 1
0.1 1
0 4.8 1.1
0 0 1
0
1 
1 
1
0 0 1
0.1 1
0 1.8 1.1
0 0 1
0
1 
1 
8
1 5 
-1.5 3.3 1.6 
0 1 0 
-45 45 
1 
2 6 
1.5 3.3 1.6 
0 -1 0 
-45 45 
1 
3 7 
0 4.8 1.6 
1 0 0 
-45 45 
1 
4 8 
0 1.8 1.6 
-1 0 0 
-45 45 
1 
0 1 
-0.5 3.3 1.6 
0 1 0 
-45 45 
1 
0 2 
0.5 3.3 1.6 
0 -1 0 
-45 45 
1 
0 3 
0 3.8 1.6 
1 0 0 
-45 45 
1 
0 4 
0 2.8 1.6 
-1 0 0 
-45 45 
1 
-1
0
1 0 0
0.5 0.5 0.5
2.77556e-17 19 4.65
0 0 1
0
0 
0 
0
2
9
0
0 0 1
1 1 0.1
0 3.3 1.6
0 0 1
1
1 
0 
1
0 0 1
0.1 1
-1 3.3 1.6
-1 0 0
1
1 
0 
1
0 0 1
0.1 1
1 3.3 1.6
1 0 0
1
1 
0 
1
0 0 1
0.1 1
0 4.3 1.6
0 1 0
1
1 
0 
1
0 0 1
0.1 1
0 2.3 1.6
0 -1 0
1
1 
0 
1
0 0 1
0.1 1
-1.5 3.3 1.1
0 0 1
1
1 
1 
1
0 0 1
0.1 1
1.5 3.3 1.1
0 0 1
1
1 
1 
1
0 0 1
0.1 1
0 4.8 1.1
0 0 1
1
1 
1 
1
0 0 1
0.1 1
0 1.8 1.1
0 0 1
1
1 
1 
8
1 5 
-1.5 3.3 1.6 
0 1 0 
-45 45 
1 
2 6 
1.5 3.3 1.6 
0 -1 0 
-45 45 
1 
3 7 
0 4.8 1.6 
1 0 0 
-45 45 
1 
4 8 
0 1.8 1.6 
-1 0 0 
-45 45 
1 
0 1 
-0.5 3.3 1.6 
0 1 0 
-45 45 
1 
0 2 
0.5 3.3 1.6 
0 -1 0 
-45 45 
1 
0 3 
0 3.8 1.6 
1 0 0 
-45 45 
1 
0 4 
0 2.8 1.6 
-1 0 0 
-45 45 
1 
9
0
0 0 1
1 1 0.1
0 6.6 2.1
0 0 1
0
1 
0 
1
0 0 1
0.1 1
-1 6.6 2.1
-1 0 0
0
1 
0 
1
0 0 1
0.1 1
1 6.6 2.1
1 0 0
0
1 
0 
1
0 0 1
0.1 1
0 7.6 2.1
0 1 0
0
1 
0 
1
0 0 1
0.1 1
0 5.6 2.1
0 -1 0
0
1 
0 
1
0 0 1
0.1 1
-1.5 6.6 1.6
0 0 1
0
1 
1 
1
0 0 1
0.1 1
1.5 6.6 1.6
0 0 1
0
1 
1 
1
0 0 1
0.1 1
0 8.1 1.6
0 0 1
0
1 
1 
1
0 0 1
0.1 1
0 5.1 1.6
0 0 1
0
1 
1 
8
1 5 
-1.5 6.6 2.1 
0 1 0 
-45 45 
1 
2 6 
1.5 6.6 2.1 
0 -1 0 
-45 45 
1 
3 7 
0 8.1 2.1 
1 0 0 
-45 45 
1 
4 8 
0 5.1 2.1 
-1 0 0 
-45 45 
1 
0 1 
-0.5 6.6 2.1 
0 1 0 
-45 45 
1 
0 2 
0.5 6.6 2.1 
0 -1 0 
-45 45 
1 
0 3 
0 7.1 2.1 
1 0 0 
-45 45 
1 
0 4 
0 6.1 2.1 
-1 0 0 
-45 45 
1 
-1
0
1 0 0
0.5 0.5 0.5
2.77556e-17 19 4.65
0 0 1
0
0 
0 
0
2
9
0
0 0 1
1 1 0.1
0 6.6 2.1
0 0 1
1
1 
0 
1
0 0 1
0.1 1
-1 6.6 2.1
-1 0 0
1
1 
0 
1
0 0 1
0.1 1
1 6.6 2.1
1 0 0
1
1 
0 
1
0 0 1
0.1 1
0 7.6 2.1
0 1 0
1
1 
0 
1
0 0 1
0.1 1
0 5.6 2.1
0 -1 0
1
1 
0 
1
0 0 1
0.1 1
-1.5 6.6 1.6
0 0 1
1
1 
1 
1
0 0 1
0.1 1
1.5 6.6 1.6
0 0 1
1
1 
1 
1
0 0 1
0.1 1
0 8.1 1.6
0 0 1
1
1 
1 
1
0 0 1
0.1 1
0 5.1 1.6
0 0 1
1
1 
1 
8
1 5 
-1.5 6.6 2.1 
0 1 0 
-45 45 
1 
2 6 
1.5 6.6 2.1 
0 -1 0 
-45 45 
1 
3 7 
0 8.1 2.1 
1 0 0 
-45 45 
1 
4 8 
0 5.1 2.1 
-1 0 0 
-45 45 
1 
0 1 
-0.5 6.6 2.1 
0 1 0 
-45 45 
1 
0 2 
0.5 6.6 2.1 
0 -1 0 
-45 45 
1 
0 3 
0 7.1 2.1 
1 0 0 
-45 45 
1 
0 4 
0 6.1 2.1 
-1 0 0 
-45 45 
1 
9
0
0 0 1
1 1 0.1
0 9.9 2.6
0 0 1
0
1 
0 
1
0 0 1
0.1 1
-1 9.9 2.6
-1 0 0
0
1 
0 
1
0 0 1
0.1 1
1 9.9 2.6
1 0 0
0
1 
0 
1
0 0 1
0.1 1
0 10.9 2.6
0 1 0
0
1 
0 
1
0 0 1
0.1 1
0 8.9 2.6
0 -1 0
0
1 
0 
1
0 0 1
0.1 1
-1.5 9.9 2.1
0 0 1
0
1 
1 
1
0 0 1
0.1 1
1.5 9.9 2.1
0 0 1
0
1 
1 
1
0 0 1
0.1 1
0 11.4 2.1
0 0 1
0
1 
1 
1
0 0 1
0.1 1
0 8.4 2.1
0 0 1
0
1 
1 
8
1 5 
-1.5 9.9 2.6 
0 1 0 
-45 45 
1 
2 6 
1.5 9.9 2.6 
0 -1 0 
-45 45 
1 
3 7 
0 11.4 2.6 
1 0 0 
-45 45 
1 
4 8 
0 8.4 2.6 
-1 0 0 
-45 45 
1 
0 1 
-0.5 9.9 2.6 
0 1 0 
-45 45 
1 
0 2 
0.5 9.9 2.6 
0 -1 0 
-45 45 
1 
0 3 
0 10.4 2.6 
1 0 0 
-45 45 
1 
0 4 
0 9.4 2.6 
-1 0 0 
-45 45 
1 
-1
0
1 0 0
0.5 0.5 0.5
2.77556e-17 19 4.65
0 0 1
0
0 
0 
0
2
9
0
0 0 1
1 1 0.1
0 9.9 2.6
0 0 1
1
1 
0 
1
0 0 1
0.1 1
-1 9.9 2.6
-1 0 0
1
1 
0 
1
0 0 1
0.1 1
1 9.9 2.6
1 0 0
1
1 
0 
1
0 0 1
0.1 1
0 10.9 2.6
0 1 0
1
1 
0 
1
0 0 1
0.1 1
0 8.9 2.6
0 -1 0
1
1 
0 
1
0 0 1
0.1 1
-1.5 9.9 2.1
0 0 1
1
1 
1 
1
0 0 1
0.1 1
1.5 9.9 2.1
0 0 1
1
1 
1 
1
0 0 1
0.1 1
0 11.4 2.1
0 0 1
1
1 
1 
1
0 0 1
0.1 1
0 8.4 2.1
0 0 1
1
1 
1 
8
1 5 
-1.5 9.9 2.6 
0 1 0 
-45 45 
1 
2 6 
1.5 9.9 2.6 
0 -1 0 
-45 45 
1 
3 7 
0 11.4 2.6 
1 0 0 
-45 45 
1 
4 8 
0 8.4 2.6 
-1 0 0 
-45 45 
1 
0 1 
-0.5 9.9 2.6 
0 1 0 
-45 45 
1 
0 2 
0.5 9.9 2.6 
0 -1 0 
-45 45 
1 
0 3 
0 10.4 2.6 
1 0 0 
-45 45 
1 
0 4 
0 9.4 2.6 
-1 0 0 
-45 45 
1 
9
0
0 0 1
1 1 0.1
0 13.2 3.1
0 0 1
0
1 
0 
1
0 0 1
0.1 1
-1 13.2 3.1
-1 0 0
0
1 
0 
1
0 0 1
0.1 1
1 13.2 3.1
1 0 0
0
1 
0 
1
0 0 1
0.1 1
0 14.2 3.1
0 1 0
0
1 
0 
1
0 0 1
0.1 1
0 12.2 3.1
0 -1 0
0
1 
0 
1
0 0 1
0.1 1
-1.5 13.2 2.6
0 0 1
0
1 
1 
1
0 0 1
0.1 1
1.5 13.2 2.6
0 0 1
0
1 
1 
1
0 0 1
0.1 1
0 14.7 2.6
0 0 1
0
1 
1 
1
0 0 1
0.1 1
0 11.7 2.6
0 0 1
0
1 
1 
8
1 5 
-1.5 13.2 3.1 
0 1 0 
-45 45 
1 
2 6 
1.5 13.2 3.1 
0 -1 0 
-45 45 
1 
3 7 
0 14.7 3.1 
1 0 0 
-45 45 
1 
4 8 
0 11.7 3.1 
-1 0 0 
-45 45 
1 
0 1 
-0.5 13.2 3.1 
0 1 0 
-45 45 
1 
0 2 
0.5 13.2 3.1 
0 -1 0 
-45 45 
1 
0 3 
0 13.7 3.1 
1 0 0 
-45 45 
1 
0 4 
0 12.7 3.1 
-1 0 0 
-45 45 
1 
-1
0
1 0 0
0.5 0.5 0.5
2.77556e-17 19 4.65
0 0 1
1
0 
0 
0
2
9
0
0 0 1
1 1 0.1
0 13.2 3.1
0 0 1
1
1 
0 
1
0 0 1
0.1 1
-1 13.2 3.1
-1 0 0
1
1 
0 
1
0 0 1
0.1 1
1 13.2 3.1
1 0 0
1
1 
0 
1
0 0 1
0.1 1
0 14.2 3.1
0 1 0
1
1 
0 
1
0 0 1
0.1 1
0 12.2 3.1
0 -1 0
1
1 
0 
1
0 0 1
0.1 1
-1.5 13.2 2.6
0 0 1
1
1 
1 
1
0 0 1
0.1 1
1.5 13.2 2.6
0 0 1
1
1 
1 
1
0 0 1
0.1 1
0 14.7 2.6
0 0 1
1
1 
1 
1
0 0 1
0.1 1
0 11.7 2.6
0 0 1
1
1 
1 
8
1 5 
-1.5 13.2 3.1 
0 1 0 
-45 45 
1 
2 6 
1.5 13.2 3.1 
0 -1 0 
-45 45 
1 
3 7 
0 14.7 3.1 
1 0 0 
-45 45 
1 
4 8 
0 11.7 3.1 
-1 0 0 
-45 45 
1 
0 1 
-0.5 13.2 3.1 
0 1 0 
-45 45 
1 
0 2 
0.5 13.2 3.1 
0 -1 0 
-45 45 
1 
0 3 
0 13.7 3.1 
1 0 0 
-45 45 
1 
0 4 
0 12.7 3.1 
-1 0 0 
-45 45 
1 
9
0
0 0 1
1 1 0.1
0 16.5 3.6
0 0 1
0
1 
0 
1
0 0 1
0.1 1
-1 16.5 3.6
-1 0 0
0
1 
0 
1
0 0 1
0.1 1
1 16.5 3.6
1 0 0
0
1 
0 
1
0 0 1
0.1 1
0 17.5 3.6
0 1 0
0
1 
0 
1
0 0 1
0.1 1
0 15.5 3.6
0 -1 0
0
1 
0 
1
0 0 1
0.1 1
-1.5 16.5 3.1
0 0 1
0
1 
1 
1
0 0 1
0.1 1
1.5 16.5 3.1
0 0 1
0
1 
1 
1
0 0 1
0.1 1
0 18 3.1
0 0 1
0
1 
1 
1
0 0 1
0.1 1
0 15 3.1
0 0 1
0
1 
1 
8
1 5 
-1.5 16.5 3.6 
0 1 0 
-45 45 
1 
2 6 
1.5 16.5 3.6 
0 -1 0 
-45 45 
1 
3 7 
0 18 3.6 
1 0 0 
-45 45 
1 
4 8 
0 15 3.6 
-1 0 0 
-45 45 
1 
0 1 
-0.5 16.5 3.6 
0 1 0 
-45 45 
1 
0 2 
0.5 16.5 3.6 
0 -1 0 
-45 45 
1 
0 3 
0 17 3.6 
1 0 0 
-45 45 
1 
0 4 
0 16 3.6 
-1 0 0 
-45 45 
1 
0
1
21
8
114
26
-100
-6.14136e-08
-1
114
-100
7.62939e-06
1
1
1 8
0.0108655 0.0245679 0.475196 0.991624 0.0121621 0.491199 0.00405636 0.993749 
1
8 8
-15.5857 -11.6617 -13.9928 9.36947 1.82237 -9.9032 -15.7529 -15.0259 
-15.9612 -12.0599 15.3058 -15.3263 -0.437876 14.4071 -15.7422 15.573 
8.66587 15.5035 -5.61661 -14.2458 15.6473 -13.2604 15.4424 -13.9988 
14.6041 15.6051 15.8042 -15.1185 9.46771 14.5867 -3.37916 -15.9259 
14.5694 1.21383 -13.4189 15.0969 15.1485 -14.9742 14.4491 -4.39897 
15.1589 7.46068 15.0911 13.2437 15.5399 15.3194 -16 -15.4173 
-14.6813 -15.0362 -14.1696 4.45567 12.6832 1.88524 14.3414 14.4832 
13.8927 15.1992 -8.80716 -15.6318 -15.0977 -14.4437 9.40516 15.7941 
1
1 8
0.4901 2.62621 -3.99913 3.70793 3.20298 -3.57812 3.92108 2.72718 
1
63 8
-15.7623 -14.0776 12.3391 15.9165 -15.4775 -14.3808 1.40512 -15.1147 
-13.4478 -14.2351 14.7689 -14.4526 15.3381 15.9998 10.3911 14.7613 
-15.9996 -0.851281 -14.994 -5.91856 14.757 -14.0285 -15.7462 14.4953 
-13.4837 14.3474 -15.0077 -15.0606 8.1661 -12.6419 -15.9294 -13.9394 
14.4015 -15.7311 15.3113 -13.5303 -15.1901 -14.3505 -14.9201 15.498 
-15.4856 -5.00939 4.31204 -4.55327 -14.7099 -14.1961 13.3842 -10.8329 
-14.2439 15.8632 -15.901 -12.4729 12.9042 5.54291 -9.62667 14.6947 
-3.22567 -14.9306 -14.0219 14.517 15.9869 -3.00603 6.19539 -3.18824 
-15.347 -13.4699 14.3985 -0.26999 13.08 -15.9338 -8.84467 -15.6227 
-3.06563 13.2451 3.59002 14.1758 -15.9359 -16 -15.1923 14.7272 
-15.1229 -16 -15.3942 14.837 15.9164 15.8148 15.5115 14.87 
1.06837 6.27717 5.16814 15.4098 -9.19764 14.1913 -15.8337 -15.7889 
-15.6742 -15.9133 -13.9429 -13.7775 -15.6745 -10.6429 15.5417 14.8842 
15.5763 -7.41217 -15.6474 15.8267 12.1564 1.19462 -15.6485 -9.95661 
-15.9851 -15.9514 -14.5942 -7.24698 -3.88823 16 4.35588 5.95651 
-0.405968 10.8574 -13.661 15.3824 15.1217 6.42894 -12.3395 -16 
15.9081 14.521 -13.2919 8.97356 9.8177 -13.3838 -12.0463 -14.3084 
13.8261 14.6735 -3.53243 -6.7522 -14.0592 15.5586 7.86909 -14.6377 
14.6851 15.2577 14.6073 14.5544 16 -0.769669 14.5403 15.7301 
15.0883 -15.1773 15.216 14.5088 15.7774 -15.9748 14.1561 -14.1512 
14.9703 15.6638 13.4335 9.41013 -6.17684 6.87594 -14.0618 15.9566 
15.3354 15.7871 14.5613 2.82281 15.6732 12.8784 -15.5588 13.1934 
14.6888 -12.2868 4.62737 10.5037 -13.7249 1.5302 15.7007 -14.4774 
-15.1435 14.8827 -15.2959 15.9888 12.3586 -15.3409 -12.9023 -14.2105 
-12.8674 1.50869 -13.392 -15.7373 11.492 8.20916 -8.96392 10.9417 
4.17942 15.3227 14.0465 -14.3765 14.6436 3.44903 0.000592804 -15.7778 
-11.6738 10.7684 -5.07993 13.86 5.91558 15.5662 11.907 13.8321 
-0.638673 11.2606 5.16306 14.9743 15.9782 -15.168 9.96759 -15.3389 
-15.8631 15.1915 -15.2027 1.37946 7.59954 -15.6029 -9.80735 -15.8008 
-15.0658 -11.2716 -14.16 -15.9975 -15.0185 15.3158 -15.3899 -13.3387 
15.6234 -13.8841 -15.1376 2.65128 13.3517 -15.2862 -14.5265 -14.3025 
16 15.953 -15.0455 -6.53463 -2.87866 14.6007 -14.769 -15.8591 
-13.7336 12.6328 15.8428 11.887 -15.0894 -15.328 -15.5174 15.1238 
-3.38545 -6.99175 15.5596 -1.08749 15.5713 15.975 -2.84228 13.348 
-13.2992 -15.9909 15.5566 12.1865 -15.1947 3.33078 -15.3308 -12.3847 
-6.09466 13.1678 5.13803 -13.1997 6.05433 -0.0193507 16 15.1589 
12.3027 15.79 -15.2693 14.9125 15.3458 12.1063 14.1215 9.81441 
-2.33201 -14.2867 -11.9881 -11.2136 -13.7317 -7.21942 15.9851 14.446 
15.4931 -14.2032 13.8594 -14.8168 -14.9405 -6.97568 -7.46077 -11.7639 
15.5953 12.7798 -6.21949 15.9988 15.9995 14.2229 14.9665 15.0599 
15.1113 15.8322 -8.05758 6.83156 -14.9196 -14.5837 -4.47847 15.2735 
-13.0253 15.8318 12.322 -12.7663 -15.9998 -13.8122 -4.10799 -1.91491 
15.9792 14.6091 8.67058 -3.15187 12.4866 12.0324 15.5372 -12.6665 
-14.8492 14.1587 14.5121 15.8832 -8.34139 15.8835 -11.1875 -1.56808 
3.39181 15.9728 11.2963 15.0143 8.47558 -6.74313 -14.7818 -11.677 
15.3203 0.22415 -15.9509 -8.88581 12.0343 2.86297 -14.1754 13.9329 
15.5698 -15.9732 -15.5704 15.9841 -15.9152 -15.9993 -3.57915 13.0906 
15.9139 -13.8805 -14.85 -4.00333 15.0848 -15.9872 -15.9999 5.22846 
15.3357 4.92644 14.5718 -14.7242 3.4118 -14.8677 1.32416 -13.4678 
-14.1527 14.8755 11.606 -14.2758 15.8979 -14.3762 15.9995 -15.8148 
9.84723 13.8197 14.9318 -13.8722 -14.6819 -4.27614 -15.5239 -12.3867 
-15.9136 14.7774 15.0553 -8.02986 10.9462 14.5391 -15.9995 -14.5419 
15.9801 6.37201 12.7451 14.4911 -14.7069 13.9395 5.17154 8.85567 
-14.7322 14.5327 4.28632 -16 15.7849 7.07719 15.8747 -2.50549 
14.6945 -15.9866 -13.4448 -7.66568 -14.6604 -15.5374 14.1041 -16 
-11.3648 -12.3538 -15.6395 -15.3254 11.4301 15.5245 -14.671 -0.323995 
12.612 6.39893 13.2479 3.39027 -12.8758 -1.46268 -12.9383 -14.6664 
13.1793 2.87714 -5.78891 15.9661 -15.7033 14.5021 6.52553 15.9714 
-13.0821 15.9155 -5.18726 -5.75711 15.7615 15.5148 -15.6244 -15.5398 
13.9116 -15.8878 15.3037 13.3115 15.9661 -4.96798 -5.74618 -1.78703 
-15.0154 3.09826 -12.4557 -14.1527 15.9334 13.4247 14.3817 15.5219 
-14.7199 2.31431 -14.0427 -5.01079 -10.8252 3.4331 14.7982 15.6972 
15.1663 -15.2433 -15.142 -15.5562 -4.68178 12.8057 12.0451 -14.2872 
21
8
8
1
1
1 8
0.0108518 0.0245654 0.475199 0.991628 0.0121683 0.491199 0.00406172 0.993742 
1
8 8
-15.586 -11.6618 -13.9928 9.3695 1.82192 -9.90256 -15.753 -15.0257 
-15.961 -12.0597 15.3063 -15.3263 -0.437819 14.4071 -15.7425 15.5726 
8.66582 15.5036 -5.61687 -14.246 15.6474 -13.2602 15.4425 -13.9984 
14.6037 15.605 15.8039 -15.1185 9.46751 14.5868 -3.37963 -15.9257 
14.5691 1.21415 -13.419 15.097 15.1486 -14.9744 14.4492 -4.39914 
15.1592 7.46086 15.091 13.2438 15.5401 15.3194 -16 -15.417 
-14.6815 -15.0363 -14.1698 4.45543 12.6834 1.88528 14.3412 14.4833 
13.8929 15.1992 -8.80714 -15.6319 -15.0977 -14.4438 9.40535 15.7941 
1
1 8
0.490071 2.62611 -3.99922 3.70792 3.20298 -3.57818 3.92103 2.72716 
1
63 8
-15.7621 -14.0772 12.3391 15.9163 -15.4775 -14.3804 1.40536 -15.1147 
-13.4477 -14.2352 14.7688 -14.4529 15.3384 15.9995 10.3913 14.7617 
-15.9997 -0.851768 -14.994 -5.91806 14.757 -14.0285 -15.7461 14.4957 
-13.4837 14.3474 -15.0075 -15.0602 8.16604 -12.6421 -15.9292 -13.9392 
14.4016 -15.7313 15.311 -13.5306 -15.1901 -14.3502 -14.921 15.4981 
-15.486 -5.00925 4.31231 -4.55343 -14.7101 -14.1962 13.3841 -10.833 
-14.244 15.8633 -15.9009 -12.473 12.9045 5.54275 -9.62687 14.6949 
-3.22536 -14.9307 -14.0222 14.5166 15.987 -3.00584 6.19545 -3.18834 
-15.347 -13.4702 14.3992 -0.270414 13.0802 -15.9339 -8.84452 -15.6229 
-3.06586 13.2446 3.59003 14.1763 -15.9362 -15.9998 -15.1921 14.7273 
-15.1227 -16 -15.3942 14.8375 15.9166 15.815 15.5112 14.8698 
1.06824 6.2771 5.16826 15.4099 -9.19777 14.1913 -15.8335 -15.789 
-15.6741 -15.9132 -13.9427 -13.7775 -15.6745 -10.6425 15.5419 14.8842 
15.5762 -7.41234 -15.647 15.8269 12.1566 1.19477 -15.6485 -9.95647 
-15.9853 -15.9516 -14.5942 -7.24707 -3.88821 15.9997 4.35625 5.95612 
-0.406229 10.8573 -13.6612 15.3824 15.1214 6.42888 -12.3391 -15.9995 
15.9083 14.521 -13.2922 8.97396 9.81767 -13.3837 -12.0462 -14.3084 
13.8261 14.6739 -3.53254 -6.75182 -14.0592 15.5582 7.86893 -14.6374 
14.6851 15.2577 14.6075 14.5543 16 -0.769835 14.5407 15.7295 
15.088 -15.1774 15.2167 14.5087 15.7776 -15.9749 14.1558 -14.1516 
14.9705 15.6634 13.434 9.41037 -6.17695 6.87578 -14.0618 15.9565 
15.3351 15.7868 14.5616 2.82293 15.6732 12.8786 -15.5592 13.1936 
14.6891 -12.287 4.62746 10.5039 -13.7251 1.53041 15.7007 -14.4775 
-15.1433 14.8833 -15.2953 15.9888 12.3586 -15.3404 -12.9023 -14.2103 
-12.8674 1.50854 -13.3921 -15.7372 11.4921 8.20925 -8.9636 10.9421 
4.17911 15.3227 14.0468 -14.376 14.6439 3.44929 0.000638785 -15.7784 
-11.6737 10.7679 -5.08003 13.8602 5.91575 15.5663 11.9075 13.832 
-0.63836 11.2606 5.16298 14.9745 15.9784 -15.1681 9.96808 -15.3385 
-15.8631 15.1918 -15.2027 1.37946 7.59955 -15.603 -9.80725 -15.8008 
-15.0657 -11.2713 -14.1598 -15.9975 -15.0184 15.3159 -15.3898 -13.3387 
15.623 -13.8842 -15.1378 2.6518 13.352 -15.286 -14.5263 -14.3027 
15.9996 15.9532 -15.0458 -6.53433 -2.87839 14.6012 -14.7686 -15.8593 
-13.7337 12.6327 15.8429 11.8871 -15.0893 -15.3281 -15.5174 15.1238 
-3.3852 -6.99225 15.5594 -1.08774 15.5711 15.9749 -2.84242 13.3478 
-13.2991 -15.991 15.5568 12.1866 -15.1946 3.33093 -15.3308 -12.3844 
-6.0947 13.1678 5.13814 -13.1996 6.0542 -0.0194952 16 15.1588 
12.3026 15.7896 -15.2692 14.9128 15.3455 12.1063 14.1215 9.81407 
-2.33181 -14.2868 -11.9885 -11.2134 -13.7317 -7.21932 15.9847 14.4457 
15.4927 -14.2026 13.8592 -14.8167 -14.9405 -6.97606 -7.46098 -11.7638 
15.5953 12.7798 -6.21934 15.9988 15.9995 14.2223 14.9663 15.0603 
15.1117 15.8322 -8.05743 6.83148 -14.9194 -14.5832 -4.47835 15.2734 
-13.0253 15.8321 12.3224 -12.7662 -16 -13.8121 -4.10806 -1.91478 
15.9792 14.609 8.67049 -3.1522 12.4864 12.032 15.537 -12.6666 
-14.849 14.1584 14.5122 15.8834 -8.34159 15.8833 -11.1879 -1.56786 
3.39147 15.973 11.2964 15.0147 8.47545 -6.74321 -14.7824 -11.6774 
15.3201 0.223896 -15.9507 -8.88578 12.0344 2.86282 -14.1756 13.9332 
15.5703 -15.9732 -15.5704 15.9844 -15.9151 -15.9991 -3.5792 13.0907 
15.914 -13.8801 -14.8502 -4.00297 15.0849 -15.9875 -15.9997 5.22836 
15.3356 4.92598 14.5716 -14.7243 3.41196 -14.8677 1.32411 -13.4679 
-14.1524 14.8756 11.6058 -14.2757 15.8979 -14.3764 15.9998 -15.8145 
9.84738 13.8196 14.9317 -13.8717 -14.6817 -4.27629 -15.524 -12.3867 
-15.9131 14.7769 15.0555 -8.03011 10.9465 14.539 -15.9991 -14.5417 
15.9797 6.37206 12.745 14.4912 -14.7072 13.9395 5.17155 8.85573 
-14.7325 14.5331 4.28649 -15.9998 15.7849 7.07724 15.8749 -2.50541 
14.6944 -15.9867 -13.4448 -7.66563 -14.6602 -15.5374 14.1038 -16 
-11.3651 -12.3538 -15.6392 -15.3253 11.4304 15.5246 -14.6715 -0.324027 
12.6118 6.39886 13.2478 3.39 -12.8758 -1.46253 -12.9384 -14.6661 
13.1793 2.87721 -5.78907 15.9663 -15.7032 14.5016 6.52593 15.972 
-13.0819 15.9154 -5.18743 -5.75689 15.7615 15.5148 -15.6245 -15.5396 
13.9112 -15.8881 15.3035 13.3118 15.9658 -4.96826 -5.7464 -1.78684 
-15.0152 3.09856 -12.4555 -14.1533 15.9336 13.4244 14.3822 15.5215 
-14.7202 2.31414 -14.0428 -5.01074 -10.8248 3.43306 14.7982 15.6973 
15.1662 -15.2429 -15.1419 -15.5561 -4.68176 12.8058 12.045 -14.2873 
21
8
8
