0.0599997 -7.44201 6.35
90 -10.5 0
4
0
1 0 0
0.5 0.5 0.5
0 6.2 5.55
0 0 1
1
0 
0 
1
0
0.5 0.5 0.5
0.2 4.2 0.2
0 1.6 4.55
0 0 1
1
0 
0 
2
9
0
0 0 1
1 1 0.1
0 0 6.1
0 0 1
1
1 
0 
1
0 0 1
0.1 1
-1 0 6.1
-1 0 0
1
1 
0 
1
0 0 1
0.1 1
1 0 6.1
1 0 0
1
1 
0 
1
0 0 1
0.1 1
0 1 6.1
0 1 0
1
1 
0 
1
0 0 1
0.1 1
0 -1 6.1
0 -1 0
1
1 
0 
1
0 0 1
0.1 1
-1.5 0 5.6
0 0 1
1
1 
1 
1
0 0 1
0.1 1
1.5 0 5.6
0 0 1
1
1 
1 
1
0 0 1
0.1 1
0 1.5 5.6
0 0 1
1
1 
1 
1
0 0 1
0.1 1
0 -1.5 5.6
0 0 1
1
1 
1 
8
1 5 
-1.5 0 6.1 
0 1 0 
-60 60 
1 
2 6 
1.5 0 6.1 
0 -1 0 
-60 60 
1 
3 7 
0 1.5 6.1 
1 0 0 
-60 60 
1 
4 8 
0 -1.5 6.1 
-1 0 0 
-60 60 
1 
0 1 
-0.5 0 6.1 
0 1 0 
-60 60 
1 
0 2 
0.5 0 6.1 
0 -1 0 
-60 60 
1 
0 3 
0 0.5 6.1 
1 0 0 
-60 60 
1 
0 4 
0 -0.5 6.1 
-1 0 0 
-60 60 
1 
9
0
0 0 1
1 1 0.1
0 4.1 5.1
0 0 1
1
1 
0 
1
0 0 1
0.1 1
-1 4.1 5.1
-1 0 0
1
1 
0 
1
0 0 1
0.1 1
1 4.1 5.1
1 0 0
1
1 
0 
1
0 0 1
0.1 1
0 5.1 5.1
0 1 0
1
1 
0 
1
0 0 1
0.1 1
0 3.1 5.1
0 -1 0
1
1 
0 
1
0 0 1
0.1 1
-1.5 4.1 4.6
0 0 1
1
1 
1 
1
0 0 1
0.1 1
1.5 4.1 4.6
0 0 1
1
1 
1 
1
0 0 1
0.1 1
0 5.6 4.6
0 0 1
1
1 
1 
1
0 0 1
0.1 1
0 2.6 4.6
0 0 1
1
1 
1 
8
1 5 
-1.5 4.1 5.1 
0 1 0 
-60 60 
1 
2 6 
1.5 4.1 5.1 
0 -1 0 
-60 60 
1 
3 7 
0 5.6 5.1 
1 0 0 
-60 60 
1 
4 8 
0 2.6 5.1 
-1 0 0 
-60 60 
1 
0 1 
-0.5 4.1 5.1 
0 1 0 
-60 60 
1 
0 2 
0.5 4.1 5.1 
0 -1 0 
-60 60 
1 
0 3 
0 4.6 5.1 
1 0 0 
-60 60 
1 
0 4 
0 3.6 5.1 
-1 0 0 
-60 60 
1 
-1
0
1 0 0
0.5 0.5 0.5
5.9 5.46785e-15 5.55
0 0 1
1
0 
0 
1
0
0.5 0.5 0.5
5 0.2 0.2
1.6 -0.1 4.55
0 0 1
1
0 
0 
2
9
0
0 0 1
1 1 0.1
0 0 6.1
0 0 1
1
1 
0 
1
0 0 1
0.1 1
-1 0 6.1
-1 0 0
1
1 
0 
1
0 0 1
0.1 1
1 0 6.1
1 0 0
1
1 
0 
1
0 0 1
0.1 1
0 1 6.1
0 1 0
1
1 
0 
1
0 0 1
0.1 1
0 -1 6.1
0 -1 0
1
1 
0 
1
0 0 1
0.1 1
-1.5 0 5.6
0 0 1
1
1 
1 
1
0 0 1
0.1 1
1.5 0 5.6
0 0 1
1
1 
1 
1
0 0 1
0.1 1
0 1.5 5.6
0 0 1
1
1 
1 
1
0 0 1
0.1 1
0 -1.5 5.6
0 0 1
1
1 
1 
8
1 5 
-1.5 0 6.1 
0 1 0 
-60 60 
1 
2 6 
1.5 0 6.1 
0 -1 0 
-60 60 
1 
3 7 
0 1.5 6.1 
1 0 0 
-60 60 
1 
4 8 
0 -1.5 6.1 
-1 0 0 
-60 60 
1 
0 1 
-0.5 0 6.1 
0 1 0 
-60 60 
1 
0 2 
0.5 0 6.1 
0 -1 0 
-60 60 
1 
0 3 
0 0.5 6.1 
1 0 0 
-60 60 
1 
0 4 
0 -0.5 6.1 
-1 0 0 
-60 60 
1 
9
0
0 0 1
1 1 0.1
3.9 -2.85882e-15 5.1
0 0 1
1
1 
0 
1
0 0 1
0.1 1
2.9 -2.85882e-15 5.1
-1 0 0
1
1 
0 
1
0 0 1
0.1 1
4.9 -2.85882e-15 5.1
1 0 0
1
1 
0 
1
0 0 1
0.1 1
3.9 1 5.1
0 1 0
1
1 
0 
1
0 0 1
0.1 1
3.9 -1 5.1
0 -1 0
1
1 
0 
1
0 0 1
0.1 1
2.4 -2.85882e-15 4.6
0 0 1
1
1 
1 
1
0 0 1
0.1 1
5.4 -2.85882e-15 4.6
0 0 1
1
1 
1 
1
0 0 1
0.1 1
3.9 1.5 4.6
0 0 1
1
1 
1 
1
0 0 1
0.1 1
3.9 -1.5 4.6
0 0 1
1
1 
1 
8
1 5 
2.4 -2.85882e-15 5.1 
0 1 0 
-60 60 
1 
2 6 
5.4 -2.85882e-15 5.1 
0 -1 0 
-60 60 
1 
3 7 
3.9 1.5 5.1 
1 0 0 
-60 60 
1 
4 8 
3.9 -1.5 5.1 
-1 0 0 
-60 60 
1 
0 1 
3.4 -2.85882e-15 5.1 
0 1 0 
-60 60 
1 
0 2 
4.4 -2.85882e-15 5.1 
0 -1 0 
-60 60 
1 
0 3 
3.9 0.5 5.1 
1 0 0 
-60 60 
1 
0 4 
3.9 -0.5 5.1 
-1 0 0 
-60 60 
1 
-1
0
1 0 0
0.5 0.5 0.5
-6.1 5.46785e-15 5.55
0 0 1
1
0 
0 
1
0
0.5 0.5 0.5
5 0.2 0.2
-1.7 -0.1 4.55
0 0 1
1
0 
0 
2
9
0
0 0 1
1 1 0.1
0 0 6.1
0 0 1
1
1 
0 
1
0 0 1
0.1 1
-1 0 6.1
-1 0 0
1
1 
0 
1
0 0 1
0.1 1
1 0 6.1
1 0 0
1
1 
0 
1
0 0 1
0.1 1
0 1 6.1
0 1 0
1
1 
0 
1
0 0 1
0.1 1
0 -1 6.1
0 -1 0
1
1 
0 
1
0 0 1
0.1 1
-1.5 0 5.6
0 0 1
1
1 
1 
1
0 0 1
0.1 1
1.5 0 5.6
0 0 1
1
1 
1 
1
0 0 1
0.1 1
0 1.5 5.6
0 0 1
1
1 
1 
1
0 0 1
0.1 1
0 -1.5 5.6
0 0 1
1
1 
1 
8
1 5 
-1.5 0 6.1 
0 1 0 
-60 60 
1 
2 6 
1.5 0 6.1 
0 -1 0 
-60 60 
1 
3 7 
0 1.5 6.1 
1 0 0 
-60 60 
1 
4 8 
0 -1.5 6.1 
-1 0 0 
-60 60 
1 
0 1 
-0.5 0 6.1 
0 1 0 
-60 60 
1 
0 2 
0.5 0 6.1 
0 -1 0 
-60 60 
1 
0 3 
0 0.5 6.1 
1 0 0 
-60 60 
1 
0 4 
0 -0.5 6.1 
-1 0 0 
-60 60 
1 
9
0
0 0 1
1 1 0.1
-4.1 -2.85882e-15 5.1
0 0 1
1
1 
0 
1
0 0 1
0.1 1
-5.1 -2.85882e-15 5.1
-1 0 0
1
1 
0 
1
0 0 1
0.1 1
-3.1 -2.85882e-15 5.1
1 0 0
1
1 
0 
1
0 0 1
0.1 1
-4.1 1 5.1
0 1 0
1
1 
0 
1
0 0 1
0.1 1
-4.1 -1 5.1
0 -1 0
1
1 
0 
1
0 0 1
0.1 1
-5.6 -2.85882e-15 4.6
0 0 1
1
1 
1 
1
0 0 1
0.1 1
-2.6 -2.85882e-15 4.6
0 0 1
1
1 
1 
1
0 0 1
0.1 1
-4.1 1.5 4.6
0 0 1
1
1 
1 
1
0 0 1
0.1 1
-4.1 -1.5 4.6
0 0 1
1
1 
1 
8
1 5 
-5.6 -2.85882e-15 5.1 
0 1 0 
-60 60 
1 
2 6 
-2.6 -2.85882e-15 5.1 
0 -1 0 
-60 60 
1 
3 7 
-4.1 1.5 5.1 
1 0 0 
-60 60 
1 
4 8 
-4.1 -1.5 5.1 
-1 0 0 
-60 60 
1 
0 1 
-4.6 -2.85882e-15 5.1 
0 1 0 
-60 60 
1 
0 2 
-3.6 -2.85882e-15 5.1 
0 -1 0 
-60 60 
1 
0 3 
-4.1 0.5 5.1 
1 0 0 
-60 60 
1 
0 4 
-4.1 -0.5 5.1 
-1 0 0 
-60 60 
1 
-1
0
1 0 0
0.5 0.5 0.5
0 -7 5.55
0 0 1
1
0 
0 
1
0
0.5 0.5 0.5
0.2 3.7 0.2
0 -1.7 4.55
0 0 1
1
0 
0 
2
9
0
0 0 1
1 1 0.1
0 0 6.1
0 0 1
1
1 
0 
1
0 0 1
0.1 1
-1 0 6.1
-1 0 0
1
1 
0 
1
0 0 1
0.1 1
1 0 6.1
1 0 0
1
1 
0 
1
0 0 1
0.1 1
0 1 6.1
0 1 0
1
1 
0 
1
0 0 1
0.1 1
0 -1 6.1
0 -1 0
1
1 
0 
1
0 0 1
0.1 1
-1.5 0 5.6
0 0 1
1
1 
1 
1
0 0 1
0.1 1
1.5 0 5.6
0 0 1
1
1 
1 
1
0 0 1
0.1 1
0 1.5 5.6
0 0 1
1
1 
1 
1
0 0 1
0.1 1
0 -1.5 5.6
0 0 1
1
1 
1 
8
1 5 
-1.5 0 6.1 
0 1 0 
-60 60 
1 
2 6 
1.5 0 6.1 
0 -1 0 
-60 60 
1 
3 7 
0 1.5 6.1 
1 0 0 
-60 60 
1 
4 8 
0 -1.5 6.1 
-1 0 0 
-60 60 
1 
0 1 
-0.5 0 6.1 
0 1 0 
-60 60 
1 
0 2 
0.5 0 6.1 
0 -1 0 
-60 60 
1 
0 3 
0 0.5 6.1 
1 0 0 
-60 60 
1 
0 4 
0 -0.5 6.1 
-1 0 0 
-60 60 
1 
9
0
0 0 1
1 1 0.1
0 -4.9 5.1
0 0 1
1
1 
0 
1
0 0 1
0.1 1
-1 -4.9 5.1
-1 0 0
1
1 
0 
1
0 0 1
0.1 1
1 -4.9 5.1
1 0 0
1
1 
0 
1
0 0 1
0.1 1
0 -3.9 5.1
0 1 0
1
1 
0 
1
0 0 1
0.1 1
0 -5.9 5.1
0 -1 0
1
1 
0 
1
0 0 1
0.1 1
-1.5 -4.9 4.6
0 0 1
1
1 
1 
1
0 0 1
0.1 1
1.5 -4.9 4.6
0 0 1
1
1 
1 
1
0 0 1
0.1 1
0 -3.4 4.6
0 0 1
1
1 
1 
1
0 0 1
0.1 1
0 -6.4 4.6
0 0 1
1
1 
1 
8
1 5 
-1.5 -4.9 5.1 
0 1 0 
-60 60 
1 
2 6 
1.5 -4.9 5.1 
0 -1 0 
-60 60 
1 
3 7 
0 -3.4 5.1 
1 0 0 
-60 60 
1 
4 8 
0 -6.4 5.1 
-1 0 0 
-60 60 
1 
0 1 
-0.5 -4.9 5.1 
0 1 0 
-60 60 
1 
0 2 
0.5 -4.9 5.1 
0 -1 0 
-60 60 
1 
0 3 
0 -4.4 5.1 
1 0 0 
-60 60 
1 
0 4 
0 -5.4 5.1 
-1 0 0 
-60 60 
1 
-1
1
21
8
211
5
-100
-0.00201405
-1
211
-100
0.00024414
1
1
1 8
0.00356383 0.999205 0.00040346 0.00103598 0.996577 0.000405726 0.000558378 0.991278 
1
8 8
-6.26376 15.9315 16 -15.5216 15.9775 -13.7078 -6.07087 15.752 
16 -1.1561 -15.8827 -3.3908 2.8728 15.9685 -15.9922 -0.391788 
-3.30784 0.589012 15.9795 -15.7527 -3.20957 -15.9943 -15.6802 -2.12766 
15.5536 -5.24133 -15.4871 -15.8451 -15.7849 -15.9047 15.8736 15.9383 
-15.9565 -0.119709 15.8508 -10.1959 -15.9878 1.85947 -15.6661 -15.656 
2.21033 15.9162 15.9895 -15.7788 9.43018 2.31815 15.9676 -3.8539 
10.5718 15.9339 -15.8633 15.7005 15.8182 15.5022 -15.899 -16 
-15.9584 15.8153 -3.75047 -15.739 -15.9969 -15.7624 -9.8065 4.02542 
1
1 8
3.97566 -3.95927 -3.50332 -1.22904 3.94851 3.83839 3.98993 -3.99958 
1
63 8
15.9849 -14.9451 3.55367 16 -14.6251 15.9839 15.8867 -15.928 
2.90265 15.9924 12.1221 15.8068 8.55161 15.1891 -15.9312 -2.59703 
-2.71726 15.9651 5.23162 -15.8876 -16 14.7357 15.8635 6.77849 
15.9423 15.9321 0.575113 1.71308 5.52237 -2.23057 -5.0603 -12.1204 
-15.9879 -13.0197 -15.9123 -11.6693 12.3463 -15.9002 15.5183 15.6493 
15.7323 -10.3582 15.7583 15.9206 -16 -14.7126 15.9236 -15.7493 
15.7247 -15.9924 15.9269 -15.983 11.9636 15.8481 8.69395 15.8799 
15.9052 -15.9066 -1.18722 -6.10076 15.9019 1.19698 12.0053 15.9747 
-15.5655 -14.5929 15.7145 -7.4184 15.4512 15.9922 -14.9206 15.9137 
2.84303 -0.836259 -15.4658 10.3172 -15.7551 15.8045 -15.864 15.7279 
15.7473 -16 -15.9812 16 -15.9877 -15.4329 3.62162 -7.2031 
-15.8334 -15.9024 -10.272 -15.8831 -15.9895 15.9812 15.7556 -12.0977 
0.812569 15.8746 -6.27384 15.6351 -15.604 15.8419 -13.1505 15.6082 
-15.9671 15.4948 -15.8924 -16 -9.5357 -0.37097 -15.7735 -11.5133 
15.7573 -15.9903 15.918 8.73496 -2.7578 -0.493466 -2.99486 -2.78389 
15.9902 -0.913024 8.31354 -16 15.9182 10.0268 15.8307 -15.9964 
-15.7344 -12.0767 15.8901 15.8097 -15.9439 15.9436 -3.66003 -15.8221 
-16 0.0648621 15.8911 13.0417 5.62621 -13.1877 -15.5783 -15.9818 
9.67677 15.7348 -15.8989 -0.153621 15.9075 15.9688 -15.4773 15.6606 
-15.8579 15.7991 -15.6838 6.7323 -7.67941 -7.11385 15.9197 15.7174 
-15.8479 -15.9123 16 -15.5755 -15.9076 15.7708 -15.7954 16 
2.88391 -15.867 -8.56721 -15.0688 15.9944 15.8005 15.9445 -12.705 
15.5975 -15.6678 -4.75577 13.6099 -15.9979 15.8794 3.93562 15.9855 
-15.8585 -3.48979 15.9993 10.9831 -4.60664 -15.9885 15.9489 -15.4167 
12.0993 -15.9332 -2.00176 -15.7302 0.790105 -15.9071 -15.5758 -15.7119 
0.354359 15.9983 15.9889 15.7848 -3.87937 -15.8859 16 15.9785 
-15.7485 -15.9657 -5.51636 -15.6992 16 -15.8298 10.4568 -11.1205 
15.9379 -15.8165 -14.0972 -16 -15.8989 -15.6779 -5.20471 -15.8546 
-15.7433 12.7812 -15.881 12.352 -1.53306 -15.9194 15.9797 -15.6897 
15.9604 15.9579 -15.6551 -15.7568 7.84435 15.9966 15.9209 -15.9933 
-14.9741 -15.8945 13.4153 15.9052 13.4188 15.8346 15.992 15.8917 
3.03264 13.6591 15.9999 5.96736 -15.916 16 15.9487 -10.7719 
-0.0913392 -15.9084 -15.6732 15.8255 15.9722 11.5757 -11.1955 15.8494 
1.94487 -15.7412 16 15.6077 4.10071 -3.44946 15.7214 15.9316 
5.82899 15.9478 15.6598 -15.9924 8.32486 15.975 -15.8516 -7.57044 
15.9936 -15.9956 3.76344 -15.9227 16 5.27461 15.9958 -11.4933 
-15.8781 16 15.9654 -15.8169 -2.2552 15.6683 15.9988 15.9464 
15.6873 12.0004 -15.9982 6.63055 -5.69223 9.44679 -15.8709 -15.822 
-1.73496 -15.8561 16 15.9382 16 3.24858 7.60045 15.5274 
-7.28252 6.85178 15.9922 15.7517 1.01235 15.857 15.2956 15.7776 
-15.9716 10.0884 4.50184 -15.8572 -7.79939 8.14848 15.9271 -0.517922 
-15.9574 -3.71834 -15.9966 15.8787 -4.89926 -15.7855 15.8518 -15.4688 
-4.78471 4.58733 -14.5054 15.9477 -15.7931 15.8507 -6.15546 8.74729 
12.9102 -13.1147 -15.7324 15.8987 -13.9828 15.804 -12.6962 3.33955 
15.81 1.0747 -0.203419 -15.8325 15.9922 -15.9191 15.5859 -15.9714 
6.60975 -15.9997 15.7951 -15.9818 15.6851 15.7429 15.9248 15.9408 
15.9068 15.9535 -15.8145 -3.65229 15.928 7.58718 -5.99722 2.95039 
15.8093 -15.8647 0.499388 3.18206 -5.07181 -4.33664 -16 15.8392 
-15.8269 -15.9217 -15.9429 15.994 -15.7328 -15.0437 -11.1863 -15.6527 
15.8667 -3.69564 15.756 14.8325 -15.746 -15.9869 -15.7356 -15.9214 
6.91483 -15.9886 15.7928 -15.9885 15.8354 -15.9334 15.5776 15.6946 
15.9535 11.3797 15.8598 -15.7687 -15.9462 15.7523 -15.9699 15.7088 
-11.7771 8.05311 15.9292 15.6448 -3.98271 0.374366 -15.7 -15.8928 
-15.8582 -15.7672 -15.8993 15.8162 -15.997 -15.9967 -15.8038 -2.42772 
15.9962 15.7578 -15.9994 8.3764 -6.87293 15.9862 -12.1685 13.2262 
15.8715 -5.66318 15.9938 15.9184 -15.7386 -15.989 -15.6181 -1.51987 
-15.9943 -9.71708 -9.31462 -15.8894 -15.9303 15.9685 -15.8283 -15.9142 
15.8759 15.9669 15.8645 -5.261 15.824 15.9115 -0.544527 -3.78087 
-2.22056 15.6723 -4.8118 15.7385 15.7208 15.9708 -15.8144 -15.8618 
15.9895 -10.2849 -15.7554 -15.8509 -5.72236 -15.9977 -15.763 -13.965 
-15.9554 -15.8707 15.9396 -15.6759 10.7 3.38898 -7.05041 -15.7614 
-14.235 -5.97878 5.77283 9.22377 -16 12.3228 -15.8269 15.9256 
1.44278 15.4552 15.845 -2.67744 -15.833 15.8961 0.967538 8.0407 
21
8
8
1
1
1 8
0.00408353 0.999232 0.000535627 0.00100131 0.997018 0.000909016 0.000718539 0.991296 
1
8 8
-6.26292 15.9271 15.9955 -15.5226 15.9715 -13.7025 -6.06702 15.7562 
15.9887 -1.17233 -15.8698 -3.40186 2.87539 15.9576 -15.9882 -0.38936 
-3.30515 0.579853 15.9967 -15.7473 -3.2063 -15.9982 -15.6829 -2.11691 
15.5515 -5.23299 -15.4912 -15.854 -15.7857 -15.9066 15.87 15.935 
-15.9447 -0.12342 15.8516 -10.2093 -15.9852 1.86169 -15.6556 -15.6539 
2.19972 15.9189 15.9756 -15.768 9.44454 2.32712 15.9757 -3.84708 
10.5722 15.9455 -15.8747 15.6998 15.814 15.4957 -15.8887 -15.9987 
-15.9517 15.8154 -3.75126 -15.743 -15.9988 -15.765 -9.79344 4.03113 
1
1 8
3.9727 -3.96286 -3.5041 -1.22935 3.94941 3.83833 3.98998 -4 
1
63 8
15.98 -14.9328 3.56014 16 -14.6213 15.9808 15.8749 -15.9314 
2.92471 16 12.1264 15.7937 8.5534 15.1892 -15.9307 -2.60548 
-2.72667 15.9668 5.23257 -15.886 -16 14.7325 15.8636 6.79829 
15.9479 15.9301 0.578397 1.70982 5.51041 -2.23184 -5.06536 -12.1206 
-16 -13.0111 -15.9174 -11.6641 12.3517 -15.901 15.5212 15.6425 
15.7284 -10.3586 15.7544 15.9312 -15.9976 -14.7259 15.9299 -15.7532 
15.7255 -15.9995 15.9306 -15.9761 11.9583 15.8421 8.68405 15.8881 
15.907 -15.9088 -1.18927 -6.09949 15.912 1.1846 12.0038 15.9687 
-15.556 -14.608 15.7177 -7.42757 15.4536 15.9764 -14.9146 15.9092 
2.83642 -0.844792 -15.4651 10.3269 -15.7575 15.8003 -15.8592 15.7165 
15.7406 -16 -15.993 15.9969 -15.9828 -15.4393 3.62241 -7.20008 
-15.8298 -15.9045 -10.2712 -15.8858 -15.9923 15.9927 15.749 -12.0929 
0.798027 15.8609 -6.27226 15.6284 -15.6054 15.8641 -13.1405 15.6089 
-15.975 15.4994 -15.8977 -16 -9.53252 -0.362613 -15.7682 -11.5092 
15.765 -16 15.9043 8.74602 -2.75697 -0.499846 -2.98036 -2.78274 
15.9923 -0.924882 8.31893 -16 15.9072 10.0336 15.8237 -15.9952 
-15.7389 -12.0771 15.8928 15.8122 -15.93 15.9436 -3.66201 -15.8253 
-15.9982 0.0508084 15.891 13.0574 5.62661 -13.1887 -15.5688 -15.9776 
9.66433 15.7392 -15.9099 -0.154241 15.9141 15.9655 -15.4747 15.6413 
-15.8577 15.801 -15.6747 6.73022 -7.67537 -7.11051 15.9156 15.7197 
-15.8648 -15.9245 16 -15.579 -15.9185 15.777 -15.7949 15.9992 
2.88308 -15.8748 -8.57753 -15.068 15.9914 15.806 15.9435 -12.7154 
15.5945 -15.6643 -4.76118 13.6169 -15.9841 15.8837 3.93363 15.9853 
-15.8602 -3.47884 16 10.988 -4.6107 -15.978 15.9454 -15.4179 
12.0998 -15.9406 -1.99932 -15.7193 0.793129 -15.9232 -15.5769 -15.7038 
0.334499 16 15.9814 15.7844 -3.88772 -15.8766 16 15.9803 
-15.7635 -15.9536 -5.52908 -15.681 16 -15.8245 10.462 -11.1155 
15.9304 -15.8144 -14.1175 -15.9967 -15.897 -15.6697 -5.19987 -15.8509 
-15.7352 12.7809 -15.8783 12.3556 -1.53739 -15.9286 15.9724 -15.6865 
15.964 15.9657 -15.6487 -15.7678 7.8423 15.9917 15.9254 -15.9856 
-14.9768 -15.9016 13.3972 15.9115 13.4299 15.8286 16 15.8945 
3.03489 13.6581 16 5.97735 -15.908 16 15.9522 -10.7691 
-0.0994659 -15.9145 -15.6751 15.8346 15.9864 11.5678 -11.2137 15.8563 
1.94014 -15.7394 16 15.6094 4.08669 -3.44114 15.7234 15.928 
5.84165 15.9504 15.6541 -16 8.31972 15.9599 -15.8628 -7.57282 
15.9912 -15.9868 3.75617 -15.9342 16 5.27597 16 -11.4988 
-15.864 15.9909 15.9537 -15.8253 -2.24883 15.6628 15.9938 15.9671 
15.6819 11.9984 -15.9998 6.63397 -5.69753 9.44277 -15.8698 -15.8198 
-1.73988 -15.8469 15.9982 15.9418 15.9993 3.24126 7.58743 15.5338 
-7.28191 6.86213 16 15.7514 1.00687 15.8467 15.2888 15.7873 
-15.9657 10.0799 4.5004 -15.8607 -7.80228 8.13706 15.9259 -0.518099 
-15.949 -3.7202 -16 15.8865 -4.89794 -15.7841 15.8636 -15.4572 
-4.7853 4.57988 -14.5062 15.9434 -15.7899 15.8346 -6.15248 8.75774 
12.9146 -13.1108 -15.7332 15.8968 -13.9799 15.8021 -12.6941 3.3534 
15.8167 1.08455 -0.20494 -15.823 15.9787 -15.9239 15.5846 -15.969 
6.6031 -15.9819 15.798 -15.9702 15.6926 15.7467 15.9174 15.9312 
15.8973 15.9466 -15.8122 -3.64277 15.9338 7.59137 -6.00333 2.94573 
15.7902 -15.8573 0.488092 3.17933 -5.0614 -4.32801 -16 15.8371 
-15.8299 -15.9212 -15.9478 15.9992 -15.7265 -15.0487 -11.1922 -15.657 
15.8833 -3.70179 15.7651 14.8385 -15.7398 -15.9905 -15.7385 -15.9244 
6.91093 -15.9889 15.7954 -15.992 15.8366 -15.9111 15.5719 15.6835 
15.9461 11.3837 15.8516 -15.7887 -15.9406 15.7399 -15.9728 15.7089 
-11.7833 8.05327 15.9422 15.6523 -3.98887 0.376248 -15.7023 -15.8949 
-15.8627 -15.7717 -15.8987 15.8048 -15.9921 -15.9887 -15.7999 -2.419 
16 15.7598 -16 8.37031 -6.87714 15.991 -12.1712 13.2255 
15.8684 -5.65492 16 15.9255 -15.7355 -15.9965 -15.6195 -1.5242 
-16 -9.7102 -9.31297 -15.8912 -15.9348 15.9639 -15.8256 -15.9216 
15.8676 15.9658 15.871 -5.25345 15.8207 15.9112 -0.562192 -3.78872 
-2.21843 15.6809 -4.81046 15.7358 15.7158 15.9644 -15.8164 -15.8601 
15.9773 -10.2799 -15.7646 -15.8498 -5.73568 -15.9959 -15.7653 -13.9617 
-15.9359 -15.8582 15.9534 -15.6743 10.7107 3.40118 -7.04462 -15.7594 
-14.2343 -5.97485 5.77806 9.22174 -15.9906 12.3125 -15.8162 15.9208 
1.44478 15.4608 15.8473 -2.67844 -15.8301 15.884 0.9748 8.03847 
21
8
8
