0.04 0.0700007 10.72
90 -90 0
16
0
1 0 0
0.5 0.5 0.5
-6 6 0.25
0 0 1
0
0 
0 
0
2
9
0
0 0 1
1 1 0.1
0 0 1.1
0 0 1
1
1 
0 
1
0 0 1
0.1 1
-1 0 1.1
-1 0 0
1
1 
0 
1
0 0 1
0.1 1
1 0 1.1
1 0 0
1
1 
0 
1
0 0 1
0.1 1
0 1 1.1
0 1 0
1
1 
0 
1
0 0 1
0.1 1
0 -1 1.1
0 -1 0
1
1 
0 
1
0 0 1
0.1 1
-1.5 0 0.6
0 0 1
1
1 
1 
1
0 0 1
0.1 1
1.5 0 0.6
0 0 1
1
1 
1 
1
0 0 1
0.1 1
0 1.5 0.6
0 0 1
1
1 
1 
1
0 0 1
0.1 1
0 -1.5 0.6
0 0 1
1
1 
1 
8
1 5 
-1.5 0 1.1 
0 1 0 
-10 10 
1 
2 6 
1.5 0 1.1 
0 -1 0 
-10 10 
1 
3 7 
0 1.5 1.1 
1 0 0 
-10 10 
1 
4 8 
0 -1.5 1.1 
-1 0 0 
-10 10 
1 
0 1 
-0.5 0 1.1 
0 1 0 
-10 10 
1 
0 2 
0.5 0 1.1 
0 -1 0 
-10 10 
1 
0 3 
0 0.5 1.1 
1 0 0 
-10 10 
1 
0 4 
0 -0.5 1.1 
-1 0 0 
-10 10 
1 
9
0
0 0 1
1 1 0.1
-2 2 1.1
0 0 1
0
1 
0 
1
0 0 1
0.1 1
-3 2 1.1
-1 0 0
0
1 
0 
1
0 0 1
0.1 1
-1 2 1.1
1 0 0
0
1 
0 
1
0 0 1
0.1 1
-2 3 1.1
0 1 0
0
1 
0 
1
0 0 1
0.1 1
-2 1 1.1
0 -1 0
0
1 
0 
1
0 0 1
0.1 1
-3.5 2 0.6
0 0 1
0
1 
1 
1
0 0 1
0.1 1
-0.5 2 0.6
0 0 1
0
1 
1 
1
0 0 1
0.1 1
-2 3.5 0.6
0 0 1
0
1 
1 
1
0 0 1
0.1 1
-2 0.5 0.6
0 0 1
0
1 
1 
8
1 5 
-3.5 2 1.1 
0 1 0 
-10 10 
1 
2 6 
-0.5 2 1.1 
0 -1 0 
-10 10 
1 
3 7 
-2 3.5 1.1 
1 0 0 
-10 10 
1 
4 8 
-2 0.5 1.1 
-1 0 0 
-10 10 
1 
0 1 
-2.5 2 1.1 
0 1 0 
-10 10 
1 
0 2 
-1.5 2 1.1 
0 -1 0 
-10 10 
1 
0 3 
-2 2.5 1.1 
1 0 0 
-10 10 
1 
0 4 
-2 1.5 1.1 
-1 0 0 
-10 10 
1 
-1
0
1 0 0
0.5 0.5 0.5
-6 6 0.25
0 0 1
0
0 
0 
0
2
9
0
0 0 1
1 1 0.1
-2 2 1.1
0 0 1
1
1 
0 
1
0 0 1
0.1 1
-3 2 1.1
-1 0 0
1
1 
0 
1
0 0 1
0.1 1
-1 2 1.1
1 0 0
1
1 
0 
1
0 0 1
0.1 1
-2 3 1.1
0 1 0
1
1 
0 
1
0 0 1
0.1 1
-2 1 1.1
0 -1 0
1
1 
0 
1
0 0 1
0.1 1
-3.5 2 0.6
0 0 1
1
1 
1 
1
0 0 1
0.1 1
-0.5 2 0.6
0 0 1
1
1 
1 
1
0 0 1
0.1 1
-2 3.5 0.6
0 0 1
1
1 
1 
1
0 0 1
0.1 1
-2 0.5 0.6
0 0 1
1
1 
1 
8
1 5 
-3.5 2 1.1 
0 1 0 
-10 10 
1 
2 6 
-0.5 2 1.1 
0 -1 0 
-10 10 
1 
3 7 
-2 3.5 1.1 
1 0 0 
-10 10 
1 
4 8 
-2 0.5 1.1 
-1 0 0 
-10 10 
1 
0 1 
-2.5 2 1.1 
0 1 0 
-10 10 
1 
0 2 
-1.5 2 1.1 
0 -1 0 
-10 10 
1 
0 3 
-2 2.5 1.1 
1 0 0 
-10 10 
1 
0 4 
-2 1.5 1.1 
-1 0 0 
-10 10 
1 
9
0
0 0 1
1 1 0.1
-4 4 1.1
0 0 1
0
1 
0 
1
0 0 1
0.1 1
-5 4 1.1
-1 0 0
0
1 
0 
1
0 0 1
0.1 1
-3 4 1.1
1 0 0
0
1 
0 
1
0 0 1
0.1 1
-4 5 1.1
0 1 0
0
1 
0 
1
0 0 1
0.1 1
-4 3 1.1
0 -1 0
0
1 
0 
1
0 0 1
0.1 1
-5.5 4 0.6
0 0 1
0
1 
1 
1
0 0 1
0.1 1
-2.5 4 0.6
0 0 1
0
1 
1 
1
0 0 1
0.1 1
-4 5.5 0.6
0 0 1
0
1 
1 
1
0 0 1
0.1 1
-4 2.5 0.6
0 0 1
0
1 
1 
8
1 5 
-5.5 4 1.1 
0 1 0 
-10 10 
1 
2 6 
-2.5 4 1.1 
0 -1 0 
-10 10 
1 
3 7 
-4 5.5 1.1 
1 0 0 
-10 10 
1 
4 8 
-4 2.5 1.1 
-1 0 0 
-10 10 
1 
0 1 
-4.5 4 1.1 
0 1 0 
-10 10 
1 
0 2 
-3.5 4 1.1 
0 -1 0 
-10 10 
1 
0 3 
-4 4.5 1.1 
1 0 0 
-10 10 
1 
0 4 
-4 3.5 1.1 
-1 0 0 
-10 10 
1 
-1
0
1 0 0
0.5 0.5 0.5
0 6 0.25
0 0 1
0
0 
0 
0
2
9
0
0 0 1
1 1 0.1
0 -8.88178e-16 1.1
0 0 1
1
1 
0 
1
0 0 1
0.1 1
-1 -8.88178e-16 1.1
-1 0 0
1
1 
0 
1
0 0 1
0.1 1
1 -8.88178e-16 1.1
1 0 0
1
1 
0 
1
0 0 1
0.1 1
0 1 1.1
0 1 0
1
1 
0 
1
0 0 1
0.1 1
0 -1 1.1
0 -1 0
1
1 
0 
1
0 0 1
0.1 1
-1.5 -8.88178e-16 0.6
0 0 1
1
1 
1 
1
0 0 1
0.1 1
1.5 -8.88178e-16 0.6
0 0 1
1
1 
1 
1
0 0 1
0.1 1
0 1.5 0.6
0 0 1
1
1 
1 
1
0 0 1
0.1 1
0 -1.5 0.6
0 0 1
1
1 
1 
8
1 5 
-1.5 -8.88178e-16 1.1 
0 1 0 
-10 10 
1 
2 6 
1.5 -8.88178e-16 1.1 
0 -1 0 
-10 10 
1 
3 7 
0 1.5 1.1 
1 0 0 
-10 10 
1 
4 8 
0 -1.5 1.1 
-1 0 0 
-10 10 
1 
0 1 
-0.5 -8.88178e-16 1.1 
0 1 0 
-10 10 
1 
0 2 
0.5 -8.88178e-16 1.1 
0 -1 0 
-10 10 
1 
0 3 
0 0.5 1.1 
1 0 0 
-10 10 
1 
0 4 
0 -0.5 1.1 
-1 0 0 
-10 10 
1 
9
0
0 0 1
1 1 0.1
0 2 1.1
0 0 1
0
1 
0 
1
0 0 1
0.1 1
-1 2 1.1
-1 0 0
0
1 
0 
1
0 0 1
0.1 1
1 2 1.1
1 0 0
0
1 
0 
1
0 0 1
0.1 1
0 3 1.1
0 1 0
0
1 
0 
1
0 0 1
0.1 1
0 1 1.1
0 -1 0
0
1 
0 
1
0 0 1
0.1 1
-1.5 2 0.6
0 0 1
0
1 
1 
1
0 0 1
0.1 1
1.5 2 0.6
0 0 1
0
1 
1 
1
0 0 1
0.1 1
0 3.5 0.6
0 0 1
0
1 
1 
1
0 0 1
0.1 1
0 0.5 0.6
0 0 1
0
1 
1 
8
1 5 
-1.5 2 1.1 
0 1 0 
-10 10 
1 
2 6 
1.5 2 1.1 
0 -1 0 
-10 10 
1 
3 7 
0 3.5 1.1 
1 0 0 
-10 10 
1 
4 8 
0 0.5 1.1 
-1 0 0 
-10 10 
1 
0 1 
-0.5 2 1.1 
0 1 0 
-10 10 
1 
0 2 
0.5 2 1.1 
0 -1 0 
-10 10 
1 
0 3 
0 2.5 1.1 
1 0 0 
-10 10 
1 
0 4 
0 1.5 1.1 
-1 0 0 
-10 10 
1 
-1
0
1 0 0
0.5 0.5 0.5
0 6 0.25
0 0 1
0
0 
0 
0
2
9
0
0 0 1
1 1 0.1
0 2 1.1
0 0 1
1
1 
0 
1
0 0 1
0.1 1
-1 2 1.1
-1 0 0
1
1 
0 
1
0 0 1
0.1 1
1 2 1.1
1 0 0
1
1 
0 
1
0 0 1
0.1 1
0 3 1.1
0 1 0
1
1 
0 
1
0 0 1
0.1 1
0 1 1.1
0 -1 0
1
1 
0 
1
0 0 1
0.1 1
-1.5 2 0.6
0 0 1
1
1 
1 
1
0 0 1
0.1 1
1.5 2 0.6
0 0 1
1
1 
1 
1
0 0 1
0.1 1
0 3.5 0.6
0 0 1
1
1 
1 
1
0 0 1
0.1 1
0 0.5 0.6
0 0 1
1
1 
1 
8
1 5 
-1.5 2 1.1 
0 1 0 
-10 10 
1 
2 6 
1.5 2 1.1 
0 -1 0 
-10 10 
1 
3 7 
0 3.5 1.1 
1 0 0 
-10 10 
1 
4 8 
0 0.5 1.1 
-1 0 0 
-10 10 
1 
0 1 
-0.5 2 1.1 
0 1 0 
-10 10 
1 
0 2 
0.5 2 1.1 
0 -1 0 
-10 10 
1 
0 3 
0 2.5 1.1 
1 0 0 
-10 10 
1 
0 4 
0 1.5 1.1 
-1 0 0 
-10 10 
1 
9
0
0 0 1
1 1 0.1
0 4 1.1
0 0 1
0
1 
0 
1
0 0 1
0.1 1
-1 4 1.1
-1 0 0
0
1 
0 
1
0 0 1
0.1 1
1 4 1.1
1 0 0
0
1 
0 
1
0 0 1
0.1 1
0 5 1.1
0 1 0
0
1 
0 
1
0 0 1
0.1 1
0 3 1.1
0 -1 0
0
1 
0 
1
0 0 1
0.1 1
-1.5 4 0.6
0 0 1
0
1 
1 
1
0 0 1
0.1 1
1.5 4 0.6
0 0 1
0
1 
1 
1
0 0 1
0.1 1
0 5.5 0.6
0 0 1
0
1 
1 
1
0 0 1
0.1 1
0 2.5 0.6
0 0 1
0
1 
1 
8
1 5 
-1.5 4 1.1 
0 1 0 
-10 10 
1 
2 6 
1.5 4 1.1 
0 -1 0 
-10 10 
1 
3 7 
0 5.5 1.1 
1 0 0 
-10 10 
1 
4 8 
0 2.5 1.1 
-1 0 0 
-10 10 
1 
0 1 
-0.5 4 1.1 
0 1 0 
-10 10 
1 
0 2 
0.5 4 1.1 
0 -1 0 
-10 10 
1 
0 3 
0 4.5 1.1 
1 0 0 
-10 10 
1 
0 4 
0 3.5 1.1 
-1 0 0 
-10 10 
1 
-1
0
1 0 0
0.5 0.5 0.5
6 6 0.25
0 0 1
0
0 
0 
0
2
9
0
0 0 1
1 1 0.1
0 0 1.1
0 0 1
1
1 
0 
1
0 0 1
0.1 1
-1 0 1.1
-1 0 0
1
1 
0 
1
0 0 1
0.1 1
1 0 1.1
1 0 0
1
1 
0 
1
0 0 1
0.1 1
0 1 1.1
0 1 0
1
1 
0 
1
0 0 1
0.1 1
0 -1 1.1
0 -1 0
1
1 
0 
1
0 0 1
0.1 1
-1.5 0 0.6
0 0 1
1
1 
1 
1
0 0 1
0.1 1
1.5 0 0.6
0 0 1
1
1 
1 
1
0 0 1
0.1 1
0 1.5 0.6
0 0 1
1
1 
1 
1
0 0 1
0.1 1
0 -1.5 0.6
0 0 1
1
1 
1 
8
1 5 
-1.5 0 1.1 
0 1 0 
-10 10 
1 
2 6 
1.5 0 1.1 
0 -1 0 
-10 10 
1 
3 7 
0 1.5 1.1 
1 0 0 
-10 10 
1 
4 8 
0 -1.5 1.1 
-1 0 0 
-10 10 
1 
0 1 
-0.5 0 1.1 
0 1 0 
-10 10 
1 
0 2 
0.5 0 1.1 
0 -1 0 
-10 10 
1 
0 3 
0 0.5 1.1 
1 0 0 
-10 10 
1 
0 4 
0 -0.5 1.1 
-1 0 0 
-10 10 
1 
9
0
0 0 1
1 1 0.1
2 2 1.1
0 0 1
0
1 
0 
1
0 0 1
0.1 1
1 2 1.1
-1 0 0
0
1 
0 
1
0 0 1
0.1 1
3 2 1.1
1 0 0
0
1 
0 
1
0 0 1
0.1 1
2 3 1.1
0 1 0
0
1 
0 
1
0 0 1
0.1 1
2 1 1.1
0 -1 0
0
1 
0 
1
0 0 1
0.1 1
0.5 2 0.6
0 0 1
0
1 
1 
1
0 0 1
0.1 1
3.5 2 0.6
0 0 1
0
1 
1 
1
0 0 1
0.1 1
2 3.5 0.6
0 0 1
0
1 
1 
1
0 0 1
0.1 1
2 0.5 0.6
0 0 1
0
1 
1 
8
1 5 
0.5 2 1.1 
0 1 0 
-10 10 
1 
2 6 
3.5 2 1.1 
0 -1 0 
-10 10 
1 
3 7 
2 3.5 1.1 
1 0 0 
-10 10 
1 
4 8 
2 0.5 1.1 
-1 0 0 
-10 10 
1 
0 1 
1.5 2 1.1 
0 1 0 
-10 10 
1 
0 2 
2.5 2 1.1 
0 -1 0 
-10 10 
1 
0 3 
2 2.5 1.1 
1 0 0 
-10 10 
1 
0 4 
2 1.5 1.1 
-1 0 0 
-10 10 
1 
-1
0
1 0 0
0.5 0.5 0.5
6 6 0.25
0 0 1
0
0 
0 
0
2
9
0
0 0 1
1 1 0.1
2 2 1.1
0 0 1
1
1 
0 
1
0 0 1
0.1 1
1 2 1.1
-1 0 0
1
1 
0 
1
0 0 1
0.1 1
3 2 1.1
1 0 0
1
1 
0 
1
0 0 1
0.1 1
2 3 1.1
0 1 0
1
1 
0 
1
0 0 1
0.1 1
2 1 1.1
0 -1 0
1
1 
0 
1
0 0 1
0.1 1
0.5 2 0.6
0 0 1
1
1 
1 
1
0 0 1
0.1 1
3.5 2 0.6
0 0 1
1
1 
1 
1
0 0 1
0.1 1
2 3.5 0.6
0 0 1
1
1 
1 
1
0 0 1
0.1 1
2 0.5 0.6
0 0 1
1
1 
1 
8
1 5 
0.5 2 1.1 
0 1 0 
-10 10 
1 
2 6 
3.5 2 1.1 
0 -1 0 
-10 10 
1 
3 7 
2 3.5 1.1 
1 0 0 
-10 10 
1 
4 8 
2 0.5 1.1 
-1 0 0 
-10 10 
1 
0 1 
1.5 2 1.1 
0 1 0 
-10 10 
1 
0 2 
2.5 2 1.1 
0 -1 0 
-10 10 
1 
0 3 
2 2.5 1.1 
1 0 0 
-10 10 
1 
0 4 
2 1.5 1.1 
-1 0 0 
-10 10 
1 
9
0
0 0 1
1 1 0.1
4 4 1.1
0 0 1
0
1 
0 
1
0 0 1
0.1 1
3 4 1.1
-1 0 0
0
1 
0 
1
0 0 1
0.1 1
5 4 1.1
1 0 0
0
1 
0 
1
0 0 1
0.1 1
4 5 1.1
0 1 0
0
1 
0 
1
0 0 1
0.1 1
4 3 1.1
0 -1 0
0
1 
0 
1
0 0 1
0.1 1
2.5 4 0.6
0 0 1
0
1 
1 
1
0 0 1
0.1 1
5.5 4 0.6
0 0 1
0
1 
1 
1
0 0 1
0.1 1
4 5.5 0.6
0 0 1
0
1 
1 
1
0 0 1
0.1 1
4 2.5 0.6
0 0 1
0
1 
1 
8
1 5 
2.5 4 1.1 
0 1 0 
-10 10 
1 
2 6 
5.5 4 1.1 
0 -1 0 
-10 10 
1 
3 7 
4 5.5 1.1 
1 0 0 
-10 10 
1 
4 8 
4 2.5 1.1 
-1 0 0 
-10 10 
1 
0 1 
3.5 4 1.1 
0 1 0 
-10 10 
1 
0 2 
4.5 4 1.1 
0 -1 0 
-10 10 
1 
0 3 
4 4.5 1.1 
1 0 0 
-10 10 
1 
0 4 
4 3.5 1.1 
-1 0 0 
-10 10 
1 
-1
0
1 0 0
0.5 0.5 0.5
6 0 0.25
0 0 1
0
0 
0 
0
2
9
0
0 0 1
1 1 0.1
0 0 1.1
0 0 1
1
1 
0 
1
0 0 1
0.1 1
-1 0 1.1
-1 0 0
1
1 
0 
1
0 0 1
0.1 1
1 0 1.1
1 0 0
1
1 
0 
1
0 0 1
0.1 1
0 1 1.1
0 1 0
1
1 
0 
1
0 0 1
0.1 1
0 -1 1.1
0 -1 0
1
1 
0 
1
0 0 1
0.1 1
-1.5 0 0.6
0 0 1
1
1 
1 
1
0 0 1
0.1 1
1.5 0 0.6
0 0 1
1
1 
1 
1
0 0 1
0.1 1
0 1.5 0.6
0 0 1
1
1 
1 
1
0 0 1
0.1 1
0 -1.5 0.6
0 0 1
1
1 
1 
8
1 5 
-1.5 0 1.1 
0 1 0 
-10 10 
1 
2 6 
1.5 0 1.1 
0 -1 0 
-10 10 
1 
3 7 
0 1.5 1.1 
1 0 0 
-10 10 
1 
4 8 
0 -1.5 1.1 
-1 0 0 
-10 10 
1 
0 1 
-0.5 0 1.1 
0 1 0 
-10 10 
1 
0 2 
0.5 0 1.1 
0 -1 0 
-10 10 
1 
0 3 
0 0.5 1.1 
1 0 0 
-10 10 
1 
0 4 
0 -0.5 1.1 
-1 0 0 
-10 10 
1 
9
0
0 0 1
1 1 0.1
2 0 1.1
0 0 1
0
1 
0 
1
0 0 1
0.1 1
1 0 1.1
-1 0 0
0
1 
0 
1
0 0 1
0.1 1
3 0 1.1
1 0 0
0
1 
0 
1
0 0 1
0.1 1
2 1 1.1
0 1 0
0
1 
0 
1
0 0 1
0.1 1
2 -1 1.1
0 -1 0
0
1 
0 
1
0 0 1
0.1 1
0.5 0 0.6
0 0 1
0
1 
1 
1
0 0 1
0.1 1
3.5 0 0.6
0 0 1
0
1 
1 
1
0 0 1
0.1 1
2 1.5 0.6
0 0 1
0
1 
1 
1
0 0 1
0.1 1
2 -1.5 0.6
0 0 1
0
1 
1 
8
1 5 
0.5 0 1.1 
0 1 0 
-10 10 
1 
2 6 
3.5 0 1.1 
0 -1 0 
-10 10 
1 
3 7 
2 1.5 1.1 
1 0 0 
-10 10 
1 
4 8 
2 -1.5 1.1 
-1 0 0 
-10 10 
1 
0 1 
1.5 0 1.1 
0 1 0 
-10 10 
1 
0 2 
2.5 0 1.1 
0 -1 0 
-10 10 
1 
0 3 
2 0.5 1.1 
1 0 0 
-10 10 
1 
0 4 
2 -0.5 1.1 
-1 0 0 
-10 10 
1 
-1
0
1 0 0
0.5 0.5 0.5
6 0 0.25
0 0 1
0
0 
0 
0
2
9
0
0 0 1
1 1 0.1
2 0 1.1
0 0 1
1
1 
0 
1
0 0 1
0.1 1
1 0 1.1
-1 0 0
1
1 
0 
1
0 0 1
0.1 1
3 0 1.1
1 0 0
1
1 
0 
1
0 0 1
0.1 1
2 1 1.1
0 1 0
1
1 
0 
1
0 0 1
0.1 1
2 -1 1.1
0 -1 0
1
1 
0 
1
0 0 1
0.1 1
0.5 0 0.6
0 0 1
1
1 
1 
1
0 0 1
0.1 1
3.5 0 0.6
0 0 1
1
1 
1 
1
0 0 1
0.1 1
2 1.5 0.6
0 0 1
1
1 
1 
1
0 0 1
0.1 1
2 -1.5 0.6
0 0 1
1
1 
1 
8
1 5 
0.5 0 1.1 
0 1 0 
-10 10 
1 
2 6 
3.5 0 1.1 
0 -1 0 
-10 10 
1 
3 7 
2 1.5 1.1 
1 0 0 
-10 10 
1 
4 8 
2 -1.5 1.1 
-1 0 0 
-10 10 
1 
0 1 
1.5 0 1.1 
0 1 0 
-10 10 
1 
0 2 
2.5 0 1.1 
0 -1 0 
-10 10 
1 
0 3 
2 0.5 1.1 
1 0 0 
-10 10 
1 
0 4 
2 -0.5 1.1 
-1 0 0 
-10 10 
1 
9
0
0 0 1
1 1 0.1
4 0 1.1
0 0 1
0
1 
0 
1
0 0 1
0.1 1
3 0 1.1
-1 0 0
0
1 
0 
1
0 0 1
0.1 1
5 0 1.1
1 0 0
0
1 
0 
1
0 0 1
0.1 1
4 1 1.1
0 1 0
0
1 
0 
1
0 0 1
0.1 1
4 -1 1.1
0 -1 0
0
1 
0 
1
0 0 1
0.1 1
2.5 0 0.6
0 0 1
0
1 
1 
1
0 0 1
0.1 1
5.5 0 0.6
0 0 1
0
1 
1 
1
0 0 1
0.1 1
4 1.5 0.6
0 0 1
0
1 
1 
1
0 0 1
0.1 1
4 -1.5 0.6
0 0 1
0
1 
1 
8
1 5 
2.5 0 1.1 
0 1 0 
-10 10 
1 
2 6 
5.5 0 1.1 
0 -1 0 
-10 10 
1 
3 7 
4 1.5 1.1 
1 0 0 
-10 10 
1 
4 8 
4 -1.5 1.1 
-1 0 0 
-10 10 
1 
0 1 
3.5 0 1.1 
0 1 0 
-10 10 
1 
0 2 
4.5 0 1.1 
0 -1 0 
-10 10 
1 
0 3 
4 0.5 1.1 
1 0 0 
-10 10 
1 
0 4 
4 -0.5 1.1 
-1 0 0 
-10 10 
1 
-1
0
1 0 0
0.5 0.5 0.5
6 -6 0.25
0 0 1
0
0 
0 
0
2
9
0
0 0 1
1 1 0.1
0 0 1.1
0 0 1
1
1 
0 
1
0 0 1
0.1 1
-1 0 1.1
-1 0 0
1
1 
0 
1
0 0 1
0.1 1
1 0 1.1
1 0 0
1
1 
0 
1
0 0 1
0.1 1
0 1 1.1
0 1 0
1
1 
0 
1
0 0 1
0.1 1
0 -1 1.1
0 -1 0
1
1 
0 
1
0 0 1
0.1 1
-1.5 0 0.6
0 0 1
1
1 
1 
1
0 0 1
0.1 1
1.5 0 0.6
0 0 1
1
1 
1 
1
0 0 1
0.1 1
0 1.5 0.6
0 0 1
1
1 
1 
1
0 0 1
0.1 1
0 -1.5 0.6
0 0 1
1
1 
1 
8
1 5 
-1.5 0 1.1 
0 1 0 
-10 10 
1 
2 6 
1.5 0 1.1 
0 -1 0 
-10 10 
1 
3 7 
0 1.5 1.1 
1 0 0 
-10 10 
1 
4 8 
0 -1.5 1.1 
-1 0 0 
-10 10 
1 
0 1 
-0.5 0 1.1 
0 1 0 
-10 10 
1 
0 2 
0.5 0 1.1 
0 -1 0 
-10 10 
1 
0 3 
0 0.5 1.1 
1 0 0 
-10 10 
1 
0 4 
0 -0.5 1.1 
-1 0 0 
-10 10 
1 
9
0
0 0 1
1 1 0.1
2 -2 1.1
0 0 1
0
1 
0 
1
0 0 1
0.1 1
1 -2 1.1
-1 0 0
0
1 
0 
1
0 0 1
0.1 1
3 -2 1.1
1 0 0
0
1 
0 
1
0 0 1
0.1 1
2 -1 1.1
0 1 0
0
1 
0 
1
0 0 1
0.1 1
2 -3 1.1
0 -1 0
0
1 
0 
1
0 0 1
0.1 1
0.5 -2 0.6
0 0 1
0
1 
1 
1
0 0 1
0.1 1
3.5 -2 0.6
0 0 1
0
1 
1 
1
0 0 1
0.1 1
2 -0.5 0.6
0 0 1
0
1 
1 
1
0 0 1
0.1 1
2 -3.5 0.6
0 0 1
0
1 
1 
8
1 5 
0.5 -2 1.1 
0 1 0 
-10 10 
1 
2 6 
3.5 -2 1.1 
0 -1 0 
-10 10 
1 
3 7 
2 -0.5 1.1 
1 0 0 
-10 10 
1 
4 8 
2 -3.5 1.1 
-1 0 0 
-10 10 
1 
0 1 
1.5 -2 1.1 
0 1 0 
-10 10 
1 
0 2 
2.5 -2 1.1 
0 -1 0 
-10 10 
1 
0 3 
2 -1.5 1.1 
1 0 0 
-10 10 
1 
0 4 
2 -2.5 1.1 
-1 0 0 
-10 10 
1 
-1
0
1 0 0
0.5 0.5 0.5
6 -6 0.25
0 0 1
0
0 
0 
0
2
9
0
0 0 1
1 1 0.1
2 -2 1.1
0 0 1
1
1 
0 
1
0 0 1
0.1 1
1 -2 1.1
-1 0 0
1
1 
0 
1
0 0 1
0.1 1
3 -2 1.1
1 0 0
1
1 
0 
1
0 0 1
0.1 1
2 -1 1.1
0 1 0
1
1 
0 
1
0 0 1
0.1 1
2 -3 1.1
0 -1 0
1
1 
0 
1
0 0 1
0.1 1
0.5 -2 0.6
0 0 1
1
1 
1 
1
0 0 1
0.1 1
3.5 -2 0.6
0 0 1
1
1 
1 
1
0 0 1
0.1 1
2 -0.5 0.6
0 0 1
1
1 
1 
1
0 0 1
0.1 1
2 -3.5 0.6
0 0 1
1
1 
1 
8
1 5 
0.5 -2 1.1 
0 1 0 
-10 10 
1 
2 6 
3.5 -2 1.1 
0 -1 0 
-10 10 
1 
3 7 
2 -0.5 1.1 
1 0 0 
-10 10 
1 
4 8 
2 -3.5 1.1 
-1 0 0 
-10 10 
1 
0 1 
1.5 -2 1.1 
0 1 0 
-10 10 
1 
0 2 
2.5 -2 1.1 
0 -1 0 
-10 10 
1 
0 3 
2 -1.5 1.1 
1 0 0 
-10 10 
1 
0 4 
2 -2.5 1.1 
-1 0 0 
-10 10 
1 
9
0
0 0 1
1 1 0.1
4 -4 1.1
0 0 1
0
1 
0 
1
0 0 1
0.1 1
3 -4 1.1
-1 0 0
0
1 
0 
1
0 0 1
0.1 1
5 -4 1.1
1 0 0
0
1 
0 
1
0 0 1
0.1 1
4 -3 1.1
0 1 0
0
1 
0 
1
0 0 1
0.1 1
4 -5 1.1
0 -1 0
0
1 
0 
1
0 0 1
0.1 1
2.5 -4 0.6
0 0 1
0
1 
1 
1
0 0 1
0.1 1
5.5 -4 0.6
0 0 1
0
1 
1 
1
0 0 1
0.1 1
4 -2.5 0.6
0 0 1
0
1 
1 
1
0 0 1
0.1 1
4 -5.5 0.6
0 0 1
0
1 
1 
8
1 5 
2.5 -4 1.1 
0 1 0 
-10 10 
1 
2 6 
5.5 -4 1.1 
0 -1 0 
-10 10 
1 
3 7 
4 -2.5 1.1 
1 0 0 
-10 10 
1 
4 8 
4 -5.5 1.1 
-1 0 0 
-10 10 
1 
0 1 
3.5 -4 1.1 
0 1 0 
-10 10 
1 
0 2 
4.5 -4 1.1 
0 -1 0 
-10 10 
1 
0 3 
4 -3.5 1.1 
1 0 0 
-10 10 
1 
0 4 
4 -4.5 1.1 
-1 0 0 
-10 10 
1 
-1
0
1 0 0
0.5 0.5 0.5
0 -6 0.25
0 0 1
0
0 
0 
0
2
9
0
0 0 1
1 1 0.1
0 0 1.1
0 0 1
1
1 
0 
1
0 0 1
0.1 1
-1 0 1.1
-1 0 0
1
1 
0 
1
0 0 1
0.1 1
1 0 1.1
1 0 0
1
1 
0 
1
0 0 1
0.1 1
0 1 1.1
0 1 0
1
1 
0 
1
0 0 1
0.1 1
0 -1 1.1
0 -1 0
1
1 
0 
1
0 0 1
0.1 1
-1.5 0 0.6
0 0 1
1
1 
1 
1
0 0 1
0.1 1
1.5 0 0.6
0 0 1
1
1 
1 
1
0 0 1
0.1 1
0 1.5 0.6
0 0 1
1
1 
1 
1
0 0 1
0.1 1
0 -1.5 0.6
0 0 1
1
1 
1 
8
1 5 
-1.5 0 1.1 
0 1 0 
-10 10 
1 
2 6 
1.5 0 1.1 
0 -1 0 
-10 10 
1 
3 7 
0 1.5 1.1 
1 0 0 
-10 10 
1 
4 8 
0 -1.5 1.1 
-1 0 0 
-10 10 
1 
0 1 
-0.5 0 1.1 
0 1 0 
-10 10 
1 
0 2 
0.5 0 1.1 
0 -1 0 
-10 10 
1 
0 3 
0 0.5 1.1 
1 0 0 
-10 10 
1 
0 4 
0 -0.5 1.1 
-1 0 0 
-10 10 
1 
9
0
0 0 1
1 1 0.1
0 -2 1.1
0 0 1
0
1 
0 
1
0 0 1
0.1 1
-1 -2 1.1
-1 0 0
0
1 
0 
1
0 0 1
0.1 1
1 -2 1.1
1 0 0
0
1 
0 
1
0 0 1
0.1 1
0 -1 1.1
0 1 0
0
1 
0 
1
0 0 1
0.1 1
0 -3 1.1
0 -1 0
0
1 
0 
1
0 0 1
0.1 1
-1.5 -2 0.6
0 0 1
0
1 
1 
1
0 0 1
0.1 1
1.5 -2 0.6
0 0 1
0
1 
1 
1
0 0 1
0.1 1
0 -0.5 0.6
0 0 1
0
1 
1 
1
0 0 1
0.1 1
0 -3.5 0.6
0 0 1
0
1 
1 
8
1 5 
-1.5 -2 1.1 
0 1 0 
-10 10 
1 
2 6 
1.5 -2 1.1 
0 -1 0 
-10 10 
1 
3 7 
0 -0.5 1.1 
1 0 0 
-10 10 
1 
4 8 
0 -3.5 1.1 
-1 0 0 
-10 10 
1 
0 1 
-0.5 -2 1.1 
0 1 0 
-10 10 
1 
0 2 
0.5 -2 1.1 
0 -1 0 
-10 10 
1 
0 3 
0 -1.5 1.1 
1 0 0 
-10 10 
1 
0 4 
0 -2.5 1.1 
-1 0 0 
-10 10 
1 
-1
0
1 0 0
0.5 0.5 0.5
0 -6 0.25
0 0 1
0
0 
0 
0
2
9
0
0 0 1
1 1 0.1
0 -2 1.1
0 0 1
1
1 
0 
1
0 0 1
0.1 1
-1 -2 1.1
-1 0 0
1
1 
0 
1
0 0 1
0.1 1
1 -2 1.1
1 0 0
1
1 
0 
1
0 0 1
0.1 1
0 -1 1.1
0 1 0
1
1 
0 
1
0 0 1
0.1 1
0 -3 1.1
0 -1 0
1
1 
0 
1
0 0 1
0.1 1
-1.5 -2 0.6
0 0 1
1
1 
1 
1
0 0 1
0.1 1
1.5 -2 0.6
0 0 1
1
1 
1 
1
0 0 1
0.1 1
0 -0.5 0.6
0 0 1
1
1 
1 
1
0 0 1
0.1 1
0 -3.5 0.6
0 0 1
1
1 
1 
8
1 5 
-1.5 -2 1.1 
0 1 0 
-10 10 
1 
2 6 
1.5 -2 1.1 
0 -1 0 
-10 10 
1 
3 7 
0 -0.5 1.1 
1 0 0 
-10 10 
1 
4 8 
0 -3.5 1.1 
-1 0 0 
-10 10 
1 
0 1 
-0.5 -2 1.1 
0 1 0 
-10 10 
1 
0 2 
0.5 -2 1.1 
0 -1 0 
-10 10 
1 
0 3 
0 -1.5 1.1 
1 0 0 
-10 10 
1 
0 4 
0 -2.5 1.1 
-1 0 0 
-10 10 
1 
9
0
0 0 1
1 1 0.1
0 -4 1.1
0 0 1
0
1 
0 
1
0 0 1
0.1 1
-1 -4 1.1
-1 0 0
0
1 
0 
1
0 0 1
0.1 1
1 -4 1.1
1 0 0
0
1 
0 
1
0 0 1
0.1 1
0 -3 1.1
0 1 0
0
1 
0 
1
0 0 1
0.1 1
0 -5 1.1
0 -1 0
0
1 
0 
1
0 0 1
0.1 1
-1.5 -4 0.6
0 0 1
0
1 
1 
1
0 0 1
0.1 1
1.5 -4 0.6
0 0 1
0
1 
1 
1
0 0 1
0.1 1
0 -2.5 0.6
0 0 1
0
1 
1 
1
0 0 1
0.1 1
0 -5.5 0.6
0 0 1
0
1 
1 
8
1 5 
-1.5 -4 1.1 
0 1 0 
-10 10 
1 
2 6 
1.5 -4 1.1 
0 -1 0 
-10 10 
1 
3 7 
0 -2.5 1.1 
1 0 0 
-10 10 
1 
4 8 
0 -5.5 1.1 
-1 0 0 
-10 10 
1 
0 1 
-0.5 -4 1.1 
0 1 0 
-10 10 
1 
0 2 
0.5 -4 1.1 
0 -1 0 
-10 10 
1 
0 3 
0 -3.5 1.1 
1 0 0 
-10 10 
1 
0 4 
0 -4.5 1.1 
-1 0 0 
-10 10 
1 
-1
0
1 0 0
0.5 0.5 0.5
-6 -6 0.25
0 0 1
0
0 
0 
0
2
9
0
0 0 1
1 1 0.1
0 0 1.1
0 0 1
1
1 
0 
1
0 0 1
0.1 1
-1 0 1.1
-1 0 0
1
1 
0 
1
0 0 1
0.1 1
1 0 1.1
1 0 0
1
1 
0 
1
0 0 1
0.1 1
0 1 1.1
0 1 0
1
1 
0 
1
0 0 1
0.1 1
0 -1 1.1
0 -1 0
1
1 
0 
1
0 0 1
0.1 1
-1.5 0 0.6
0 0 1
1
1 
1 
1
0 0 1
0.1 1
1.5 0 0.6
0 0 1
1
1 
1 
1
0 0 1
0.1 1
0 1.5 0.6
0 0 1
1
1 
1 
1
0 0 1
0.1 1
0 -1.5 0.6
0 0 1
1
1 
1 
8
1 5 
-1.5 0 1.1 
0 1 0 
-10 10 
1 
2 6 
1.5 0 1.1 
0 -1 0 
-10 10 
1 
3 7 
0 1.5 1.1 
1 0 0 
-10 10 
1 
4 8 
0 -1.5 1.1 
-1 0 0 
-10 10 
1 
0 1 
-0.5 0 1.1 
0 1 0 
-10 10 
1 
0 2 
0.5 0 1.1 
0 -1 0 
-10 10 
1 
0 3 
0 0.5 1.1 
1 0 0 
-10 10 
1 
0 4 
0 -0.5 1.1 
-1 0 0 
-10 10 
1 
9
0
0 0 1
1 1 0.1
-2 -2 1.1
0 0 1
0
1 
0 
1
0 0 1
0.1 1
-3 -2 1.1
-1 0 0
0
1 
0 
1
0 0 1
0.1 1
-1 -2 1.1
1 0 0
0
1 
0 
1
0 0 1
0.1 1
-2 -1 1.1
0 1 0
0
1 
0 
1
0 0 1
0.1 1
-2 -3 1.1
0 -1 0
0
1 
0 
1
0 0 1
0.1 1
-3.5 -2 0.6
0 0 1
0
1 
1 
1
0 0 1
0.1 1
-0.5 -2 0.6
0 0 1
0
1 
1 
1
0 0 1
0.1 1
-2 -0.5 0.6
0 0 1
0
1 
1 
1
0 0 1
0.1 1
-2 -3.5 0.6
0 0 1
0
1 
1 
8
1 5 
-3.5 -2 1.1 
0 1 0 
-10 10 
1 
2 6 
-0.5 -2 1.1 
0 -1 0 
-10 10 
1 
3 7 
-2 -0.5 1.1 
1 0 0 
-10 10 
1 
4 8 
-2 -3.5 1.1 
-1 0 0 
-10 10 
1 
0 1 
-2.5 -2 1.1 
0 1 0 
-10 10 
1 
0 2 
-1.5 -2 1.1 
0 -1 0 
-10 10 
1 
0 3 
-2 -1.5 1.1 
1 0 0 
-10 10 
1 
0 4 
-2 -2.5 1.1 
-1 0 0 
-10 10 
1 
-1
0
1 0 0
0.5 0.5 0.5
-6 -6 0.25
0 0 1
0
0 
0 
0
2
9
0
0 0 1
1 1 0.1
-2 -2 1.1
0 0 1
1
1 
0 
1
0 0 1
0.1 1
-3 -2 1.1
-1 0 0
1
1 
0 
1
0 0 1
0.1 1
-1 -2 1.1
1 0 0
1
1 
0 
1
0 0 1
0.1 1
-2 -1 1.1
0 1 0
1
1 
0 
1
0 0 1
0.1 1
-2 -3 1.1
0 -1 0
1
1 
0 
1
0 0 1
0.1 1
-3.5 -2 0.6
0 0 1
1
1 
1 
1
0 0 1
0.1 1
-0.5 -2 0.6
0 0 1
1
1 
1 
1
0 0 1
0.1 1
-2 -0.5 0.6
0 0 1
1
1 
1 
1
0 0 1
0.1 1
-2 -3.5 0.6
0 0 1
1
1 
1 
8
1 5 
-3.5 -2 1.1 
0 1 0 
-10 10 
1 
2 6 
-0.5 -2 1.1 
0 -1 0 
-10 10 
1 
3 7 
-2 -0.5 1.1 
1 0 0 
-10 10 
1 
4 8 
-2 -3.5 1.1 
-1 0 0 
-10 10 
1 
0 1 
-2.5 -2 1.1 
0 1 0 
-10 10 
1 
0 2 
-1.5 -2 1.1 
0 -1 0 
-10 10 
1 
0 3 
-2 -1.5 1.1 
1 0 0 
-10 10 
1 
0 4 
-2 -2.5 1.1 
-1 0 0 
-10 10 
1 
9
0
0 0 1
1 1 0.1
-4 -4 1.1
0 0 1
0
1 
0 
1
0 0 1
0.1 1
-5 -4 1.1
-1 0 0
0
1 
0 
1
0 0 1
0.1 1
-3 -4 1.1
1 0 0
0
1 
0 
1
0 0 1
0.1 1
-4 -3 1.1
0 1 0
0
1 
0 
1
0 0 1
0.1 1
-4 -5 1.1
0 -1 0
0
1 
0 
1
0 0 1
0.1 1
-5.5 -4 0.6
0 0 1
0
1 
1 
1
0 0 1
0.1 1
-2.5 -4 0.6
0 0 1
0
1 
1 
1
0 0 1
0.1 1
-4 -2.5 0.6
0 0 1
0
1 
1 
1
0 0 1
0.1 1
-4 -5.5 0.6
0 0 1
0
1 
1 
8
1 5 
-5.5 -4 1.1 
0 1 0 
-10 10 
1 
2 6 
-2.5 -4 1.1 
0 -1 0 
-10 10 
1 
3 7 
-4 -2.5 1.1 
1 0 0 
-10 10 
1 
4 8 
-4 -5.5 1.1 
-1 0 0 
-10 10 
1 
0 1 
-4.5 -4 1.1 
0 1 0 
-10 10 
1 
0 2 
-3.5 -4 1.1 
0 -1 0 
-10 10 
1 
0 3 
-4 -3.5 1.1 
1 0 0 
-10 10 
1 
0 4 
-4 -4.5 1.1 
-1 0 0 
-10 10 
1 
-1
0
1 0 0
0.5 0.5 0.5
-6 0 0.25
0 0 1
0
0 
0 
0
2
9
0
0 0 1
1 1 0.1
0 0 1.1
0 0 1
1
1 
0 
1
0 0 1
0.1 1
-1 0 1.1
-1 0 0
1
1 
0 
1
0 0 1
0.1 1
1 0 1.1
1 0 0
1
1 
0 
1
0 0 1
0.1 1
0 1 1.1
0 1 0
1
1 
0 
1
0 0 1
0.1 1
0 -1 1.1
0 -1 0
1
1 
0 
1
0 0 1
0.1 1
-1.5 0 0.6
0 0 1
1
1 
1 
1
0 0 1
0.1 1
1.5 0 0.6
0 0 1
1
1 
1 
1
0 0 1
0.1 1
0 1.5 0.6
0 0 1
1
1 
1 
1
0 0 1
0.1 1
0 -1.5 0.6
0 0 1
1
1 
1 
8
1 5 
-1.5 0 1.1 
0 1 0 
-10 10 
1 
2 6 
1.5 0 1.1 
0 -1 0 
-10 10 
1 
3 7 
0 1.5 1.1 
1 0 0 
-10 10 
1 
4 8 
0 -1.5 1.1 
-1 0 0 
-10 10 
1 
0 1 
-0.5 0 1.1 
0 1 0 
-10 10 
1 
0 2 
0.5 0 1.1 
0 -1 0 
-10 10 
1 
0 3 
0 0.5 1.1 
1 0 0 
-10 10 
1 
0 4 
0 -0.5 1.1 
-1 0 0 
-10 10 
1 
9
0
0 0 1
1 1 0.1
-2 0 1.1
0 0 1
0
1 
0 
1
0 0 1
0.1 1
-3 0 1.1
-1 0 0
0
1 
0 
1
0 0 1
0.1 1
-1 0 1.1
1 0 0
0
1 
0 
1
0 0 1
0.1 1
-2 1 1.1
0 1 0
0
1 
0 
1
0 0 1
0.1 1
-2 -1 1.1
0 -1 0
0
1 
0 
1
0 0 1
0.1 1
-3.5 0 0.6
0 0 1
0
1 
1 
1
0 0 1
0.1 1
-0.5 0 0.6
0 0 1
0
1 
1 
1
0 0 1
0.1 1
-2 1.5 0.6
0 0 1
0
1 
1 
1
0 0 1
0.1 1
-2 -1.5 0.6
0 0 1
0
1 
1 
8
1 5 
-3.5 0 1.1 
0 1 0 
-10 10 
1 
2 6 
-0.5 0 1.1 
0 -1 0 
-10 10 
1 
3 7 
-2 1.5 1.1 
1 0 0 
-10 10 
1 
4 8 
-2 -1.5 1.1 
-1 0 0 
-10 10 
1 
0 1 
-2.5 0 1.1 
0 1 0 
-10 10 
1 
0 2 
-1.5 0 1.1 
0 -1 0 
-10 10 
1 
0 3 
-2 0.5 1.1 
1 0 0 
-10 10 
1 
0 4 
-2 -0.5 1.1 
-1 0 0 
-10 10 
1 
-1
0
1 0 0
0.5 0.5 0.5
-6 0 0.25
0 0 1
1
0 
0 
0
2
9
0
0 0 1
1 1 0.1
-2 0 1.1
0 0 1
1
1 
0 
1
0 0 1
0.1 1
-3 0 1.1
-1 0 0
1
1 
0 
1
0 0 1
0.1 1
-1 0 1.1
1 0 0
1
1 
0 
1
0 0 1
0.1 1
-2 1 1.1
0 1 0
1
1 
0 
1
0 0 1
0.1 1
-2 -1 1.1
0 -1 0
1
1 
0 
1
0 0 1
0.1 1
-3.5 0 0.6
0 0 1
1
1 
1 
1
0 0 1
0.1 1
-0.5 0 0.6
0 0 1
1
1 
1 
1
0 0 1
0.1 1
-2 1.5 0.6
0 0 1
1
1 
1 
1
0 0 1
0.1 1
-2 -1.5 0.6
0 0 1
1
1 
1 
8
1 5 
-3.5 0 1.1 
0 1 0 
-10 10 
1 
2 6 
-0.5 0 1.1 
0 -1 0 
-10 10 
1 
3 7 
-2 1.5 1.1 
1 0 0 
-10 10 
1 
4 8 
-2 -1.5 1.1 
-1 0 0 
-10 10 
1 
0 1 
-2.5 0 1.1 
0 1 0 
-10 10 
1 
0 2 
-1.5 0 1.1 
0 -1 0 
-10 10 
1 
0 3 
-2 0.5 1.1 
1 0 0 
-10 10 
1 
0 4 
-2 -0.5 1.1 
-1 0 0 
-10 10 
1 
9
0
0 0 1
1 1 0.1
-4 0 1.1
0 0 1
1
1 
0 
1
0 0 1
0.1 1
-5 0 1.1
-1 0 0
1
1 
0 
1
0 0 1
0.1 1
-3 0 1.1
1 0 0
1
1 
0 
1
0 0 1
0.1 1
-4 1 1.1
0 1 0
1
1 
0 
1
0 0 1
0.1 1
-4 -1 1.1
0 -1 0
1
1 
0 
1
0 0 1
0.1 1
-5.5 0 0.6
0 0 1
1
1 
1 
1
0 0 1
0.1 1
-2.5 0 0.6
0 0 1
1
1 
1 
1
0 0 1
0.1 1
-4 1.5 0.6
0 0 1
1
1 
1 
1
0 0 1
0.1 1
-4 -1.5 0.6
0 0 1
1
1 
1 
8
1 5 
-5.5 0 1.1 
0 1 0 
-10 10 
1 
2 6 
-2.5 0 1.1 
0 -1 0 
-10 10 
1 
3 7 
-4 1.5 1.1 
1 0 0 
-10 10 
1 
4 8 
-4 -1.5 1.1 
-1 0 0 
-10 10 
1 
0 1 
-4.5 0 1.1 
0 1 0 
-10 10 
1 
0 2 
-3.5 0 1.1 
0 -1 0 
-10 10 
1 
0 3 
-4 0.5 1.1 
1 0 0 
-10 10 
1 
0 4 
-4 -0.5 1.1 
-1 0 0 
-10 10 
1 
-1
1
21
8
30
10
-100
-0.246086
-1
30
-100
0.00195312
1
1
1 8
0.129968 0.0340578 0.908418 0.299157 0.0798573 0.141187 0.0001 0.77234 
1
8 8
13.0601 9.76476 -6.34217 15.9401 10.6229 12.1337 -15.5911 14.2261 
0.475006 -9.34175 -15.7309 3.48756 15.7809 -9.32263 -15.0001 -12.1094 
-14.9217 -13.7746 -15.3132 -15.4646 -6.50925 -9.18279 16 14.97 
12.3656 15.841 14.414 -15.8417 14.8824 -13.2928 13.8345 -5.13905 
15.353 8.51072 15.116 15.2407 11.8985 -12.0146 -15.9404 12.9488 
-11.4899 -14.7452 12.4243 0.619686 -9.75628 -11.1877 3.92845 14.4117 
-15.6605 8.95415 -4.68858 13.1085 -15.0173 0.497443 11.6711 -15.8855 
15.9292 15.8082 -9.03694 13.4536 5.0996 15.6759 -9.12907 -12.3028 
1
1 8
3.3485 -3.80993 3.52372 3.41752 3.77398 3.70349 -3.96792 -3.89147 
1
63 8
8.86046 -4.91155 5.1342 9.39338 -11.453 -15.6793 -14.8211 -12.2588 
-11.4615 9.9712 13.315 10.922 -1.03773 -6.66433 -1.177 15.7105 
-16 -0.525226 12.5578 15.6815 -13.7717 13.7612 -13.1192 13.8004 
13.1538 15.766 -8.9988 12.2624 -7.35072 -12.5215 -4.08779 15.3045 
-15.2576 -14.3724 -15.3107 -14.5204 -14.3915 13.1083 6.04114 -3.31848 
-5.03021 14.1381 13.4557 14.7353 -8.48547 14.4444 14.4457 -2.34551 
14.6735 -5.97273 1.04149 -3.98843 -15.8596 -7.49216 13.0041 14.1664 
-15.4279 12.9122 15.0827 -14.8093 -13.9886 7.8264 -15.898 4.23604 
1.29181 -13.0166 -15.6649 11.5069 -13.4669 -1.91209 -15.936 15.7938 
7.00194 15.1606 -14.1513 -15.5903 3.49926 7.99475 -6.37009 -15.4156 
-15.9324 -13.5423 -15.5829 2.73397 7.80363 -3.53257 -15.3369 15.7939 
-15.8383 -6.87021 15.3701 12.0596 -14.5238 15.7119 15.4999 -3.40416 
-13.0904 -3.84938 -9.92721 -13.8278 15.0236 15.8754 -13.9619 -7.50298 
-13.3372 15.5129 -6.88903 7.50058 4.79927 -16 8.9103 -1.55117 
-0.246522 0.733637 15.2661 -13.4441 -15.3694 -3.97988 -10.7763 15.4996 
-12.1503 3.03964 11.9125 -9.00302 13.4316 -14.8135 10.9474 -15.8282 
6.67283 15.2921 -15.8611 11.9022 15.2828 -15.5908 13.3195 -15.6762 
-9.46763 14.59 14.7023 -14.9228 -15.2461 -14.4265 -14.7093 -15.545 
-9.08276 -10.0569 -8.20679 -15.2626 0.321682 14.9131 -13.8632 1.98721 
-5.03384 -15.4335 -10.9144 10.7087 15.9646 9.87048 12.6093 13.6725 
-15.8571 -11.4426 15.6057 7.11717 -0.663421 -15.7129 -12.9109 -4.92637 
14.0031 -13.8049 14.9418 14.5629 -2.74989 -11.5979 15.3903 15.5629 
15.1442 15.0987 -0.0809539 -10.9332 -15.8469 -13.7288 11.649 -13.5901 
-11.9225 -14.7227 9.89764 -14.6425 11.9097 12.4531 -7.10684 -14.6417 
-15.4033 14.7494 -0.279604 -15.1304 -14.0252 2.65224 12.3215 14.2919 
-13.9711 -11.9078 -1.75252 -15.2298 6.38252 -14.3251 -12.2453 14.6703 
15.5853 -8.14029 -9.82808 -1.93044 15.271 2.72884 9.87123 15.5791 
-15.154 12.03 7.0915 -12.9781 15.1132 -13.166 13.5176 -9.88012 
9.33738 3.1436 14.9126 3.59497 -8.88619 -14.1923 -15.7276 -15.6211 
-14.0643 2.49587 -10.6155 12.412 -14.7393 -0.120149 -15.8573 12.9902 
-11.3977 -15.6511 -15.1627 10.5578 -4.30461 9.51274 -13.4716 -14.8173 
15.6711 -15.844 14.9669 -11.4067 10.298 -0.980333 -12.596 0.451508 
-15.1715 -11.9594 13.1081 -13.6827 15.3446 -16 14.5885 -10.6416 
-9.83975 -14.7673 -12.839 -8.76694 12.8551 15.5479 -12.9211 11.6324 
15.5752 -15.1652 1.56941 13.9086 14.2425 15.8965 -11.4496 6.64284 
-11.9144 -15.5107 -13.3864 5.17701 9.33989 -15.6527 -7.24515 10.4132 
-15.5563 13.6881 14.4629 -1.40038 -12.0169 14.0215 -13.9405 -10.4486 
3.05119 -3.96488 11.8514 -11.0016 14.4161 -15.4114 -10.3987 -14.0965 
14.4375 -6.73519 -15.106 -9.25135 -12.8386 13.0772 -14.7228 9.79884 
11.6061 13.4334 4.28512 0.036903 1.88673 -10.6788 -14.7726 14.0607 
15.1665 -1.24704 13.3397 15.4673 -14.5424 13.6034 -14.8733 -3.06403 
6.77131 -15.4264 -10.623 -14.805 -15.8006 1.77784 -3.03545 -14.3627 
-15.729 11.9023 8.12549 -16 -7.2821 -9.78233 9.6404 -8.50896 
-7.22529 9.71711 -15.5965 -1.95085 0.537723 15.6231 -11.9235 -15.6237 
-15.8877 13.7743 -14.949 -16 14.8864 15.2853 -5.26956 -6.87081 
13.5244 -14.3175 -14.2572 -10.3865 -15.3115 -4.20525 -15.361 -13.2073 
13.7169 -15.0467 0.75962 15.7939 10.0021 -14.5452 -5.51122 6.72236 
5.84374 14.0516 -16 -6.52735 7.36213 -4.86411 0.920532 -15.912 
9.98718 13.309 -15.3353 -15.9566 14.6924 -12.2394 15.5703 15.9959 
11.4294 -13.573 9.68732 15.4204 -7.19976 -2.04464 5.81429 -11.7289 
-11.1216 -14.8693 8.02699 10.7151 9.00226 -15.6872 -3.85675 7.65061 
15.2349 14.8636 -13.6795 12.0996 15.1229 -2.22302 -14.1943 10.9745 
-16 14.771 14.7833 -15.3402 -15.9767 -14.1107 -9.255 -13.5211 
-14.5988 -14.5759 -14.5139 -14.9004 15.405 -5.65613 10.2167 -12.2667 
15.7652 -15.8194 -14.6176 -12.188 -12.8245 9.22502 -4.36883 -14.2304 
-8.89944 13.1231 -8.35819 8.4248 -13.0892 10.4366 -13.7095 -3.50048 
-15.8353 14.1846 -15.0828 14.8545 -6.50911 12.0553 14.7004 -15.8648 
15.9932 0.784943 -7.70437 13.6297 14.8522 14.5596 10.2942 8.72323 
-0.381299 15.4872 -4.0384 -15.0215 10.0505 -12.2158 4.75549 -6.05578 
-15.9429 13.5298 15.4803 -11.6681 5.50201 -2.6794 -11.2479 15.0395 
-15.6797 -14.9971 15.455 8.09506 14.6939 14.7958 15.1592 9.95953 
12.8734 13.5155 -16 15.0476 -15.5471 -13.7909 -15.7616 15.8535 
-6.95566 -3.2657 14.4742 -7.89903 -14.1094 1.03523 13.7078 -15.4711 
21
8
8
1
1
1 8
0.127249 0.0353383 0.907444 0.302801 0.0783685 0.140923 0.000746473 0.772798 
1
8 8
12.9813 9.64152 -6.30813 16 10.5757 12.0815 -15.5872 14.1528 
0.387753 -9.27722 -15.8535 3.38486 15.8143 -9.22726 -14.9875 -12.0051 
-14.9657 -13.7241 -15.1955 -15.4857 -6.5597 -9.15073 16 14.9169 
12.3855 15.8208 14.42 -15.7476 14.8214 -13.3075 13.8497 -5.19103 
15.4139 8.48646 15.1069 15.1434 11.9281 -11.9856 -15.9625 12.8934 
-11.4827 -14.7983 12.2302 0.527423 -9.75571 -11.3083 3.86674 14.5676 
-15.7311 8.90162 -4.69227 13.0642 -15.0053 0.463619 11.552 -15.886 
15.9556 15.8092 -9.06557 13.3713 5.04195 15.8886 -8.96052 -12.505 
1
1 8
3.34249 -3.85169 3.53962 3.44752 3.78115 3.71821 -3.98301 -3.88928 
1
63 8
8.88694 -4.92071 5.10479 9.39028 -11.4052 -15.6876 -14.8214 -12.3569 
-11.471 9.98519 13.3997 10.9195 -1.04469 -6.75615 -1.08306 15.7588 
-16 -0.453681 12.5648 15.6595 -13.8745 13.8293 -13.182 13.8125 
13.1301 15.7571 -9.04899 12.2155 -7.27075 -12.5635 -4.08547 15.4006 
-15.3396 -14.4711 -15.2668 -14.427 -14.441 13.1214 6.03648 -3.27114 
-5.04933 14.1911 13.4476 14.8136 -8.54826 14.3517 14.3533 -2.34796 
14.4986 -6.00579 1.10581 -3.92791 -15.9339 -7.53772 12.8877 14.1731 
-15.483 12.7677 14.9787 -14.7801 -13.9066 7.7576 -15.8578 4.13805 
1.29715 -13.0133 -15.7249 11.5324 -13.5882 -1.85553 -15.9566 15.7084 
6.89458 14.9913 -14.1661 -15.4907 3.43859 8.00652 -6.44337 -15.388 
-15.9375 -13.5022 -15.576 2.7475 7.79476 -3.64912 -15.3585 15.8082 
-15.8328 -6.80633 15.4089 12.2498 -14.5936 15.7583 15.5052 -3.39036 
-13.0825 -3.82834 -9.85795 -13.6869 15.0699 15.9218 -14.0117 -7.52003 
-13.2931 15.5653 -6.90912 7.52035 4.67766 -15.8839 8.91433 -1.57958 
-0.244304 0.668625 15.2253 -13.3771 -15.33 -4.11656 -10.8166 15.6082 
-12.0606 3.04624 11.954 -9.04848 13.5015 -14.7962 10.9391 -15.7768 
6.72595 15.2505 -15.8225 11.9159 15.2658 -15.6421 13.364 -15.6138 
-9.50649 14.5558 14.7485 -14.8827 -15.2247 -14.4163 -14.6516 -15.5248 
-9.05303 -10.0912 -8.19382 -15.2941 0.305464 15.0012 -13.8929 2.02753 
-5.11256 -15.4954 -10.9902 10.6455 16 9.96378 12.6651 13.7343 
-15.8354 -11.5518 15.6046 7.13665 -0.719785 -15.7002 -13.0985 -4.91923 
13.9263 -13.8385 14.9303 14.5508 -2.67148 -11.6121 15.4181 15.4621 
15.1261 14.9423 -0.0161416 -10.8586 -15.7766 -13.8211 11.5713 -13.6406 
-12.0203 -14.8555 9.93425 -14.5513 11.9845 12.5313 -7.1288 -14.6227 
-15.419 14.8421 -0.320601 -15.1245 -14.0984 2.69464 12.1823 14.2776 
-14.1392 -11.874 -1.74707 -15.2338 6.3239 -14.4014 -12.0902 14.7668 
15.5363 -8.26596 -9.80081 -1.95841 15.2369 2.73775 9.91171 15.651 
-15.1604 12.0654 7.06152 -12.9062 15.1846 -13.1336 13.5449 -10.0002 
9.35862 3.13077 14.8331 3.65833 -8.86183 -14.1978 -15.7023 -15.6608 
-14.0582 2.54049 -10.6384 12.5087 -14.6773 -0.154528 -15.884 12.9765 
-11.416 -15.6383 -15.2099 10.6285 -4.20087 9.52885 -13.489 -14.8638 
15.662 -15.8789 15.0433 -11.4135 10.3013 -0.942326 -12.5363 0.439399 
-15.1088 -11.946 13.1442 -13.6946 15.3638 -15.993 14.5421 -10.5698 
-9.829 -14.8132 -12.7665 -8.83605 12.8738 15.6553 -12.9167 11.594 
15.4792 -15.2091 1.57434 13.9452 14.3372 15.8882 -11.5066 6.53882 
-11.9177 -15.4779 -13.3518 5.18595 9.21611 -15.6185 -7.26897 10.4731 
-15.5138 13.6335 14.5897 -1.36971 -12.027 13.9437 -13.9723 -10.4608 
3.10767 -3.98036 11.8896 -10.8809 14.4886 -15.3887 -10.4592 -14.087 
14.3398 -6.77389 -15.0802 -9.3295 -12.819 13.0796 -14.6627 9.83577 
11.5758 13.4164 4.21625 0.0880535 1.8022 -10.6594 -14.6179 14.0521 
15.1832 -1.1985 13.4153 15.4165 -14.5503 13.5404 -14.8491 -3.07671 
6.81856 -15.3621 -10.6729 -14.7138 -15.6924 1.79111 -3.04782 -14.425 
-15.698 11.8966 8.07624 -15.9605 -7.13885 -9.82832 9.53726 -8.46766 
-7.21886 9.84287 -15.5834 -1.97574 0.530681 15.6256 -11.9198 -15.6104 
-15.8013 13.6982 -14.8962 -16 14.7892 15.2336 -5.23611 -6.93263 
13.4884 -14.2408 -14.2728 -10.3464 -15.458 -4.3086 -15.3585 -13.1451 
13.7632 -15.0785 0.855531 15.7767 10.0376 -14.5681 -5.44498 6.73108 
5.95278 14.0594 -16 -6.56349 7.3654 -4.90455 0.874331 -15.9013 
10.0622 13.2557 -15.4495 -15.9783 14.6439 -12.2305 15.4903 15.9321 
11.3742 -13.4737 9.70639 15.4825 -7.15431 -2.03354 5.89222 -11.667 
-10.9819 -14.8626 7.97749 10.7103 9.01575 -15.593 -3.8916 7.70932 
15.3319 15.022 -13.7031 12.0767 15.0624 -2.18702 -14.1661 10.9302 
-16 14.7665 14.7371 -15.5327 -15.9087 -14.0862 -9.25323 -13.4933 
-14.5038 -14.5619 -14.4254 -14.9365 15.4315 -5.67451 10.1733 -12.3612 
15.8211 -15.8357 -14.6531 -12.1467 -12.8912 9.23554 -4.4107 -14.2071 
-8.8382 13.1215 -8.35665 8.40407 -13.005 10.4381 -13.6789 -3.42267 
-15.8649 14.1264 -14.9289 14.7921 -6.56372 12.1074 14.7049 -15.9046 
15.9658 0.871195 -7.73286 13.7103 14.8753 14.5831 10.2634 8.69029 
-0.226377 15.5933 -4.0103 -15.0865 10.0579 -12.1614 4.70909 -5.99625 
-15.922 13.4982 15.551 -11.6309 5.42253 -2.78596 -11.225 15.157 
-15.7505 -14.8286 15.3277 8.1028 14.7358 14.8491 15.2534 9.98482 
12.852 13.4965 -16 15.1224 -15.7166 -13.727 -15.7889 15.825 
-6.79318 -3.20835 14.5485 -7.90543 -14.1682 0.954974 13.758 -15.5429 
21
8
8
