0
1 0 0
0.5 0.5 0.5
-5 5 0.25
0 0 1
1
0 
0 
0
2
9
0
0 0 1
1 1 0.1
0 0 1.1
0 0 1
1
1 
0 
1
0 0 1
0.1 1
-1 0 1.1
-1 0 0
1
1 
0 
1
0 0 1
0.1 1
1 0 1.1
1 0 0
1
1 
0 
1
0 0 1
0.1 1
0 1 1.1
0 1 0
1
1 
0 
1
0 0 1
0.1 1
0 -1 1.1
0 -1 0
1
1 
0 
1
0 0 1
0.1 1
-1.5 0 0.6
0 0 1
1
1 
1 
1
0 0 1
0.1 1
1.5 0 0.6
0 0 1
1
1 
1 
1
0 0 1
0.1 1
0 1.5 0.6
0 0 1
1
1 
1 
1
0 0 1
0.1 1
0 -1.5 0.6
0 0 1
1
1 
1 
8
1 5 
-1.5 0 1.1 
0 1 0 
-10 10 
1 
2 6 
1.5 0 1.1 
0 -1 0 
-10 10 
1 
3 7 
0 1.5 1.1 
1 0 0 
-10 10 
1 
4 8 
0 -1.5 1.1 
-1 0 0 
-10 10 
1 
0 1 
-0.5 0 1.1 
0 1 0 
-10 10 
1 
0 2 
0.5 0 1.1 
0 -1 0 
-10 10 
1 
0 3 
0 0.5 1.1 
1 0 0 
-10 10 
1 
0 4 
0 -0.5 1.1 
-1 0 0 
-10 10 
1 
9
0
0 0 1
1 1 0.1
-4 4 1.1
0 0 1
1
1 
0 
1
0 0 1
0.1 1
-5 4 1.1
-1 0 0
1
1 
0 
1
0 0 1
0.1 1
-3 4 1.1
1 0 0
1
1 
0 
1
0 0 1
0.1 1
-4 5 1.1
0 1 0
1
1 
0 
1
0 0 1
0.1 1
-4 3 1.1
0 -1 0
1
1 
0 
1
0 0 1
0.1 1
-5.5 4 0.6
0 0 1
1
1 
1 
1
0 0 1
0.1 1
-2.5 4 0.6
0 0 1
1
1 
1 
1
0 0 1
0.1 1
-4 5.5 0.6
0 0 1
1
1 
1 
1
0 0 1
0.1 1
-4 2.5 0.6
0 0 1
1
1 
1 
8
1 5 
-5.5 4 1.1 
0 1 0 
-10 10 
1 
2 6 
-2.5 4 1.1 
0 -1 0 
-10 10 
1 
3 7 
-4 5.5 1.1 
1 0 0 
-10 10 
1 
4 8 
-4 2.5 1.1 
-1 0 0 
-10 10 
1 
0 1 
-4.5 4 1.1 
0 1 0 
-10 10 
1 
0 2 
-3.5 4 1.1 
0 -1 0 
-10 10 
1 
0 3 
-4 4.5 1.1 
1 0 0 
-10 10 
1 
0 4 
-4 3.5 1.1 
-1 0 0 
-10 10 
1 
-1
