0 2 7
90 -90 0
1
0
1 0 0
0.5 0.5 0.5
0 5.2 0.25
0 0 1
1
0 
0 
1
0
0.5 0.5 0.5
3.3 3.3 0.5
0 3.3 0.25
0 0 1
1
0 
0 
2
9
0
0 0 1
1 1 0.1
0 0 1.1
0 0 1
1
1 
0 
1
0 0 1
0.1 1
-1 0 1.1
-1 0 0
1
1 
0 
1
0 0 1
0.1 1
1 0 1.1
1 0 0
1
1 
0 
1
0 0 1
0.1 1
0 1 1.1
0 1 0
1
1 
0 
1
0 0 1
0.1 1
0 -1 1.1
0 -1 0
1
1 
0 
1
0 0 1
0.1 1
-1.5 0 0.6
0 0 1
1
1 
1 
1
0 0 1
0.1 1
1.5 0 0.6
0 0 1
1
1 
1 
1
0 0 1
0.1 1
0 1.5 0.6
0 0 1
1
1 
1 
1
0 0 1
0.1 1
0 -1.5 0.6
0 0 1
1
1 
1 
8
1 5 
-1.5 0 1.1 
0 1 0 
-45 45 
1 
2 6 
1.5 0 1.1 
0 -1 0 
-45 45 
1 
3 7 
0 1.5 1.1 
1 0 0 
-45 45 
1 
4 8 
0 -1.5 1.1 
-1 0 0 
-45 45 
1 
0 1 
-0.5 0 1.1 
0 1 0 
-45 45 
1 
0 2 
0.5 0 1.1 
0 -1 0 
-45 45 
1 
0 3 
0 0.5 1.1 
1 0 0 
-45 45 
1 
0 4 
0 -0.5 1.1 
-1 0 0 
-45 45 
1 
9
0
0 0 1
1 1 0.1
0 3.3 1.6
0 0 1
1
1 
0 
1
0 0 1
0.1 1
-1 3.3 1.6
-1 0 0
1
1 
0 
1
0 0 1
0.1 1
1 3.3 1.6
1 0 0
1
1 
0 
1
0 0 1
0.1 1
0 4.3 1.6
0 1 0
1
1 
0 
1
0 0 1
0.1 1
0 2.3 1.6
0 -1 0
1
1 
0 
1
0 0 1
0.1 1
-1.5 3.3 1.1
0 0 1
1
1 
1 
1
0 0 1
0.1 1
1.5 3.3 1.1
0 0 1
1
1 
1 
1
0 0 1
0.1 1
0 4.8 1.1
0 0 1
1
1 
1 
1
0 0 1
0.1 1
0 1.8 1.1
0 0 1
1
1 
1 
8
1 5 
-1.5 3.3 1.6 
0 1 0 
-45 45 
1 
2 6 
1.5 3.3 1.6 
0 -1 0 
-45 45 
1 
3 7 
0 4.8 1.6 
1 0 0 
-45 45 
1 
4 8 
0 1.8 1.6 
-1 0 0 
-45 45 
1 
0 1 
-0.5 3.3 1.6 
0 1 0 
-45 45 
1 
0 2 
0.5 3.3 1.6 
0 -1 0 
-45 45 
1 
0 3 
0 3.8 1.6 
1 0 0 
-45 45 
1 
0 4 
0 2.8 1.6 
-1 0 0 
-45 45 
1 
-1
1
21
8
500
96
-100
-0.00216664
-1
500
-100
0.000488281
1
1
1 8
0.000993772 0.000715026 0.998958 0.347297 0.995787 0.999245 0.000273703 0.998155 
1
8 8
12.9158 -15.9016 -0.791256 10.2638 13.609 -5.47876 11.9724 15.9705 
15.9968 -15.9532 15.407 16 -15.9787 -6.0719 -11.5758 -5.64512 
-7.44425 -13.2805 -15.9276 -15.9995 15.9413 16 16 15.9366 
0.834768 -8.22994 -5.52256 -15.9858 -15.9323 7.72799 -15.8869 -15.9994 
-13.7266 15.911 -11.5291 -15.9773 11.0508 -9.80631 3.05114 -15.9581 
-0.850667 5.33193 -15.8218 -16 -15.9583 -15.997 -4.83725 -15.9509 
-15.9296 -13.9575 15.8999 15.9891 -15.9922 -15.9033 2.35393 14.943 
15.9786 16 2.16984 15.9951 15.9889 15.8997 5.41745 -15.9703 
1
1 8
2.06104 3.97199 3.98985 -0.0108288 3.98615 1.57728 3.99031 3.96595 
1
63 8
15.9585 15.949 14.8818 15.9481 15.9764 -15.8936 7.16594 15.896 
-15.969 -15.9545 15.9908 15.9734 15.9798 15.9602 -3.06393 -5.96283 
15.9567 -15.9444 15.9073 -15.9667 -15.9749 -15.9569 11.626 -15.9911 
-2.58508 15.9138 15.9678 -15.9401 -15.9855 14.993 -13.9453 -15.9692 
14.2704 10.0931 -5.23106 15.9186 15.908 -15.9653 15.9411 -15.9562 
10.9012 -15.9248 -3.54859 15.9989 15.9921 -15.9654 15.9473 -4.87939 
16 -15.9891 7.1354 15.9281 -3.13291 -3.47091 -3.63785 -15.9584 
15.9771 15.9924 -15.9472 16 -15.9985 11.5175 15.9405 -15.8846 
-1.50526 -8.95808 -5.78507 15.8802 15.9418 15.3433 -13.0076 -15.9541 
-15.9581 -15.8818 -15.9239 15.993 15.9083 13.3021 7.5126 12.2464 
4.95728 -15.9181 -16 -15.9342 -13.0599 -16 -15.9788 15.9712 
15.9275 6.65803 -15.8507 -15.9295 5.80971 16 -15.9387 -15.8945 
-16 -10.8721 13.7174 0.472366 -4.44985 9.63107 -15.9522 -5.9573 
-15.9832 1.11744 -12.0376 -15.9733 -8.44014 -15.8989 15.97 -2.34695 
-15.9863 15.966 15.9323 15.9299 -16 -0.108939 -15.9387 15.9977 
-15.9801 14.0373 15.9574 -0.376967 -15.8954 -15.9794 -10.9066 -15.9771 
15.9683 -6.47836 16 15.9828 -15.9719 -1.79366 -15.9554 -9.51254 
-15.9867 15.9632 15.9614 15.8872 15.8357 15.9448 13.9558 -15.9623 
-9.11244 15.9842 -9.49514 11.5818 -15.9551 -15.8578 -2.99992 15.9597 
15.9658 3.56911 -4.31369 -15.9852 16 -16 13.6439 -15.9942 
16 -15.9532 15.9683 -15.9835 9.60031 11.3177 -15.9538 14.9976 
-15.983 15.9464 15.9549 14.2315 6.11052 -11.5675 4.56845 5.27748 
15.9669 3.9183 15.1444 -15.8361 -15.9756 -15.9333 14.9125 15.9684 
-11.2454 -15.9587 -0.720924 -15.9489 -2.10723 -16 -9.93393 13.2493 
-13.185 -16 15.9572 -16 -16 15.9245 4.01688 11.0274 
15.9357 13.0126 -15.8774 -15.9394 15.9125 -15.9471 -15.9084 -1.38331 
16 -9.66122 12.6296 15.9474 15.9389 -15.9514 -15.9223 -12.8016 
-4.05479 -15.9353 13.221 -15.9383 -0.771536 15.9901 -15.9358 -15.893 
15.9415 -15.9648 -10.5776 15.9241 15.8828 -5.94241 -4.18507 -15.9807 
-12.996 -11.8751 15.9295 -14.1117 15.9643 -9.30417 -3.36892 15.9475 
-1.41956 -15.9657 -15.959 -15.9765 10.9637 -15.915 -11.0444 -15.9558 
15.9642 -15.9124 -15.985 15.9905 15.9378 -8.17885 15.9466 15.8864 
-15.9986 15.9669 -15.9324 -15.963 15.9849 -15.8759 9.10122 15.8716 
-16 15.9238 -15.9544 16 -15.918 15.9216 4.4391 -16 
-5.4933 4.84155 -2.72245 -15.9765 -15.8741 14.7992 12.4786 -15.9447 
8.17955 15.9321 15.9116 2.02163 7.62411 15.9653 15.9502 -8.12477 
15.9208 -15.9614 -15.929 -5.70317 -12.6185 15.9461 -15.9386 5.77706 
11.721 7.46324 -12.5279 -12.8832 -15.9787 15.942 -9.1177 -16 
-2.42802 3.75043 -15.908 -15.9226 -9.51318 -15.9659 -15.9833 -15.8784 
15.901 -1.66399 -15.934 -15.9432 -15.9748 -15.9722 -15.937 15.9734 
-4.03974 15.9016 -15.9671 15.8438 15.9607 -10.4429 -15.9852 -12.0913 
-15.9371 1.27594 -15.9183 -15.9746 -15.933 15.895 15.9165 10.164 
2.0019 -0.559756 -9.67699 -15.9362 4.13235 -15.9418 15.9541 15.9917 
-15.9971 -1.74795 15.9542 -15.9641 15.9823 -15.958 -7.39723 -15.9021 
13.1037 -8.33077 -9.64392 -16 0.852113 -15.9931 3.18173 -13.9931 
-15.923 -16 -15.9979 -15.9997 -16 3.73535 16 0.36948 
-9.88088 12.5069 -10.6679 -15.8844 -15.9557 -15.8798 -13.4899 15.9682 
15.9335 -15.9857 -12.1859 -5.84438 -10.4031 15.883 4.56498 1.56296 
9.6301 15.9743 -15.9709 15.9481 -15.9991 -16 -14.4604 15.9568 
-15.9527 15.9923 -15.9375 15.9368 15.9853 -15.9713 15.9406 15.9779 
9.1318 1.73719 16 15.9666 15.9681 -15.9929 15.9408 2.64685 
16 -15.9332 13.5588 8.57218 7.25022 -15.9949 -4.38114 -15.844 
16 -11.7763 15.9561 -15.955 -15.9998 -15.9917 -16 -11.8175 
-15.966 15.9385 8.1459 -15.974 -10.1639 15.9681 15.9129 -15.9857 
15.9694 4.15102 -16 -15.9977 15.8197 -15.972 -15.9854 15.9278 
-15.8937 10.9028 -15.9623 15.9573 15.9273 15.9199 -16 -15.9821 
0.171662 -1.3828 -15.989 -15.8292 -15.9772 -12.3332 15.9671 10.9438 
-11.0168 15.9925 16 -15.8928 -15.9818 16 -16 16 
15.9382 14.0697 15.9449 6.50322 -16 -11.4364 -11.7353 16 
-16 15.9763 -3.75723 -15.9766 12.4022 -15.8566 15.9751 11.2604 
15.9101 -15.9751 -15.7839 8.9566 -10.1304 -15.9735 16 2.65312 
15.9208 11.8165 15.9638 16 -5.26067 4.17825 -15.8305 -8.53593 
15.9257 -15.7683 15.9558 -15.9029 -16 15.9909 15.9402 -8.25023 
21
8
8
1
1
1 8
0.0011865 0.000948689 0.999517 0.346545 0.99582 0.998561 0.000743071 0.99799 
1
8 8
12.9114 -15.8869 -0.795437 10.2787 13.6064 -5.47128 11.9984 15.9875 
16 -15.9561 15.4318 16 -15.9822 -6.07068 -11.5678 -5.61107 
-7.4447 -13.2773 -15.9327 -16 15.9693 15.9975 16 15.9212 
0.846454 -8.23479 -5.49695 -15.9793 -15.927 7.71967 -15.9 -16 
-13.7318 15.9241 -11.5229 -15.9542 11.0441 -9.8322 3.03869 -15.9328 
-0.843599 5.33113 -15.7851 -15.9995 -15.9406 -16 -4.8481 -15.9537 
-15.9222 -13.9674 15.8933 15.9742 -16 -15.874 2.32971 14.9445 
15.9716 15.9881 2.18953 15.987 15.9946 15.9328 5.44173 -15.9658 
1
1 8
2.06119 3.97291 3.98803 -0.00701292 3.97851 1.5777 3.99114 3.95626 
1
63 8
15.9389 15.9353 14.895 15.9733 15.9751 -15.8899 7.15121 15.8946 
-15.9654 -15.9652 15.9744 15.9682 16 15.9671 -3.06222 -5.97381 
15.9568 -15.9292 15.9098 -15.9892 -15.9567 -15.9565 11.6373 -16 
-2.56394 15.9281 15.9824 -15.9523 -16 15.007 -13.9446 -15.9553 
14.2693 10.104 -5.22213 15.9342 15.9181 -15.9591 15.9593 -15.9752 
10.8999 -15.9451 -3.53941 16 16 -15.9714 15.964 -4.86423 
15.985 -15.9872 7.13033 15.9473 -3.12582 -3.46831 -3.63149 -15.9362 
15.9765 15.9859 -15.9453 16 -15.9996 11.5139 15.9558 -15.8743 
-1.51028 -8.97861 -5.83405 15.8556 15.9529 15.3501 -13.0231 -15.9518 
-15.9775 -15.8744 -15.9422 15.9948 15.8941 13.3188 7.50574 12.2254 
4.94767 -15.906 -15.9905 -15.9505 -13.0419 -16 -15.9715 15.9809 
15.912 6.66092 -15.8467 -15.9446 5.82265 16 -15.9543 -15.9156 
-15.9949 -10.8765 13.7445 0.471722 -4.45492 9.6199 -15.9519 -5.97996 
-15.9739 1.09509 -12.0345 -15.9889 -8.44184 -15.9203 15.9753 -2.34379 
-15.9928 15.9754 15.9476 15.9068 -15.9864 -0.117114 -15.9182 16 
-15.9603 14.046 15.9544 -0.359069 -15.8779 -15.9985 -10.9181 -15.9935 
15.9652 -6.49296 16 15.9873 -15.9694 -1.78433 -15.9606 -9.49595 
-15.9946 15.94 15.971 15.8686 15.8463 15.9434 13.9311 -15.9592 
-9.122 15.988 -9.5096 11.5587 -15.9482 -15.8688 -3.00669 15.9648 
15.98 3.55968 -4.31082 -16 16 -15.9868 13.6323 -16 
16 -15.9635 15.9892 -15.959 9.59241 11.3436 -15.9542 14.9947 
-15.9752 15.9411 15.951 14.2212 6.10549 -11.5835 4.56757 5.3148 
15.9724 3.93328 15.1362 -15.844 -15.9479 -15.947 14.9006 15.9523 
-11.2562 -15.9677 -0.727644 -15.9238 -2.09783 -16 -9.94713 13.2625 
-13.1688 -15.9899 15.9637 -15.9916 -16 15.9063 3.99527 11.0266 
15.9118 12.9912 -15.8829 -15.9578 15.9306 -15.9458 -15.9234 -1.35567 
15.9993 -9.67647 12.6615 15.9696 15.9346 -15.9668 -15.9405 -12.8176 
-4.0561 -15.9228 13.2014 -15.924 -0.773987 15.9907 -15.9289 -15.9163 
15.9203 -15.9759 -10.561 15.9406 15.892 -5.93291 -4.16108 -15.9814 
-12.9887 -11.843 15.9177 -14.1057 15.9737 -9.32616 -3.37061 15.9408 
-1.44929 -15.9731 -15.9616 -15.9888 10.943 -15.9319 -11.0504 -15.9473 
15.9732 -15.9367 -15.9638 15.9926 15.9401 -8.1508 15.9657 15.8648 
-15.9978 15.9436 -15.9376 -15.967 15.9712 -15.9055 9.11308 15.8722 
-15.9945 15.9353 -15.9493 16 -15.9155 15.919 4.43763 -16 
-5.48698 4.84972 -2.73451 -15.987 -15.8701 14.7653 12.4739 -15.9679 
8.16872 15.9094 15.9243 1.99978 7.62162 15.9551 15.9348 -8.09215 
15.9406 -15.9366 -15.9199 -5.72217 -12.6304 15.9102 -15.9587 5.77642 
11.7143 7.44523 -12.5563 -12.8599 -15.9698 15.9283 -9.13632 -15.9866 
-2.44732 3.76214 -15.9053 -15.91 -9.52322 -15.9512 -15.9867 -15.8656 
15.9061 -1.65082 -15.9317 -15.9422 -15.9849 -15.9653 -15.9292 15.9601 
-4.03449 15.9256 -15.9542 15.8549 15.9599 -10.4481 -16 -12.0928 
-15.9162 1.28184 -15.9216 -16 -15.9445 15.8802 15.9072 10.1667 
2.01228 -0.588819 -9.67767 -15.9492 4.1703 -15.9522 15.97 16 
-15.9924 -1.75253 15.9591 -15.9322 15.9754 -15.9399 -7.41339 -15.8944 
13.0923 -8.35594 -9.65778 -16 0.837382 -15.9897 3.17456 -14.0193 
-15.9089 -15.9712 -15.9972 -15.9951 -16 3.7287 15.9947 0.355611 
-9.88881 12.502 -10.6718 -15.8866 -15.9265 -15.8854 -13.4772 15.9443 
15.9334 -15.9833 -12.1817 -5.85059 -10.3885 15.8733 4.57189 1.57463 
9.60004 15.9938 -15.994 15.94 -16 -15.9646 -14.4451 15.9432 
-15.94 16 -15.9042 15.9264 16 -16 15.9419 15.9943 
9.15608 1.70092 15.9894 15.9699 15.9807 -15.998 15.9349 2.64354 
16 -15.9545 13.5234 8.58444 7.26165 -16 -4.38217 -15.8373 
15.9747 -11.7859 15.9255 -15.9489 -16 -15.9877 -16 -11.8091 
-15.9707 15.9243 8.12621 -15.9717 -10.1757 15.9523 15.9035 -15.9769 
15.9336 4.15493 -15.9981 -16 15.8376 -15.9783 -15.9691 15.9437 
-15.8807 10.9147 -15.9764 15.9465 15.9311 15.9108 -15.9841 -15.9937 
0.158279 -1.39284 -15.9805 -15.8187 -15.9641 -12.3204 15.9528 10.9476 
-11.0274 15.9853 15.9645 -15.8814 -15.9719 16 -16 16 
15.9413 14.0686 15.9392 6.48204 -16 -11.4514 -11.7645 15.9972 
-15.9995 16 -3.74951 -15.9427 12.4059 -15.8617 15.9592 11.2751 
15.917 -15.954 -15.8029 8.97208 -10.1211 -15.9626 16 2.64399 
15.9084 11.8364 15.9471 16 -5.23663 4.16271 -15.8216 -8.52713 
15.9421 -15.7616 15.9458 -15.9 -16 15.9819 15.9269 -8.28363 
21
8
8
