0 2 7
90 -90 0
1
0
1 0 0
0.5 0.5 0.5
-5 5 0.25
0 0 1
1
0 
0 
0
2
9
0
0 0 1
1 1 0.1
0 0 1.1
0 0 1
1
1 
0 
1
0 0 1
0.1 1
-1 0 1.1
-1 0 0
1
1 
0 
1
0 0 1
0.1 1
1 0 1.1
1 0 0
1
1 
0 
1
0 0 1
0.1 1
0 1 1.1
0 1 0
1
1 
0 
1
0 0 1
0.1 1
0 -1 1.1
0 -1 0
1
1 
0 
1
0 0 1
0.1 1
-1.5 0 0.6
0 0 1
1
1 
1 
1
0 0 1
0.1 1
1.5 0 0.6
0 0 1
1
1 
1 
1
0 0 1
0.1 1
0 1.5 0.6
0 0 1
1
1 
1 
1
0 0 1
0.1 1
0 -1.5 0.6
0 0 1
1
1 
1 
8
1 5 
-1.5 0 1.1 
0 1 0 
-10 10 
1 
2 6 
1.5 0 1.1 
0 -1 0 
-10 10 
1 
3 7 
0 1.5 1.1 
1 0 0 
-10 10 
1 
4 8 
0 -1.5 1.1 
-1 0 0 
-10 10 
1 
0 1 
-0.5 0 1.1 
0 1 0 
-10 10 
1 
0 2 
0.5 0 1.1 
0 -1 0 
-10 10 
1 
0 3 
0 0.5 1.1 
1 0 0 
-10 10 
1 
0 4 
0 -0.5 1.1 
-1 0 0 
-10 10 
1 
9
0
0 0 1
1 1 0.1
-4 4 1.1
0 0 1
1
1 
0 
1
0 0 1
0.1 1
-5 4 1.1
-1 0 0
1
1 
0 
1
0 0 1
0.1 1
-3 4 1.1
1 0 0
1
1 
0 
1
0 0 1
0.1 1
-4 5 1.1
0 1 0
1
1 
0 
1
0 0 1
0.1 1
-4 3 1.1
0 -1 0
1
1 
0 
1
0 0 1
0.1 1
-5.5 4 0.6
0 0 1
1
1 
1 
1
0 0 1
0.1 1
-2.5 4 0.6
0 0 1
1
1 
1 
1
0 0 1
0.1 1
-4 5.5 0.6
0 0 1
1
1 
1 
1
0 0 1
0.1 1
-4 2.5 0.6
0 0 1
1
1 
1 
8
1 5 
-5.5 4 1.1 
0 1 0 
-10 10 
1 
2 6 
-2.5 4 1.1 
0 -1 0 
-10 10 
1 
3 7 
-4 5.5 1.1 
1 0 0 
-10 10 
1 
4 8 
-4 2.5 1.1 
-1 0 0 
-10 10 
1 
0 1 
-4.5 4 1.1 
0 1 0 
-10 10 
1 
0 2 
-3.5 4 1.1 
0 -1 0 
-10 10 
1 
0 3 
-4 4.5 1.1 
1 0 0 
-10 10 
1 
0 4 
-4 3.5 1.1 
-1 0 0 
-10 10 
1 
-1
1
21
8
500
898
-100
-0.0379181
-1
500
-100
0.000976562
1
1
1 8
0.998762 0.231169 0.163817 0.0001 0.481956 0.390023 0.00805948 0.998621 
1
8 8
-7.19451 15.8709 -15.0717 9.49798 -15.197 14.0187 -15.6242 15.249 
3.94778 -16 15.9151 -15.9073 -15.5695 6.77378 4.51059 -15.6452 
-14.2186 -15.9033 2.49515 15.8 15.7026 15.8337 7.94739 -15.3766 
-15.8121 -15.728 -7.09495 -16 -4.24619 4.8016 15.9961 16 
15.9835 -11.3716 15.5847 15.8554 15.856 -15.7958 -6.38558 4.32656 
-11.3478 16 15.6189 -15.5343 -16 -0.898179 15.8875 -15.3351 
15.992 -10.6294 -7.85205 -9.60677 16 -16 -15.9216 -15.9681 
6.12752 -14.9932 -15.0245 15.7046 -15.9876 -15.9222 -15.9366 10.608 
1
1 8
-3.95186 -3.96312 3.45116 -3.96464 -3.92149 3.92611 3.81122 3.84609 
1
63 8
15.663 -15.364 15.9158 15.7661 15.4843 -16 -13.8059 -15.6458 
15.9986 15.8984 -15.2372 -14.6846 -15.7854 6.12571 -3.29969 15.9257 
-16 15.7806 15.2356 -15.678 -15.4321 -15.6377 15.9585 15.4834 
15.9483 -15.9035 9.73523 -16 13.0531 14.0271 16 -15.5427 
12.5106 15.9611 15.6864 -15.8316 -15.8149 -15.5248 -15.1449 -11.6122 
15.8738 -3.46334 -1.31585 15.9981 -15.9107 15.9269 -4.55533 6.46065 
-15.7859 15.6672 -15.6826 -4.34069 5.22045 -2.37117 -15.9223 5.40594 
-11.4736 15.983 5.79701 15.9214 -15.9511 -15.9777 15.9603 -15.9571 
-15.8564 15.2649 2.4457 -15.7731 15.5706 15.6243 4.34045 15.7857 
16 -15.3777 15.8559 15.3096 13.312 -15.3562 15.7552 15.9724 
-3.26793 -5.92287 15.995 -15.5513 -15.9447 -15.8198 -6.12387 15.5607 
-15.722 15.3318 15.4744 9.85034 12.5459 -15.7214 -15.8262 15.5788 
-15.4931 15.9112 -6.57489 -15.4347 -15.9068 -15.9808 -1.82953 15.9538 
-15.9275 -16 15.8236 0.896926 -4.79376 -15.926 -15.7694 6.25244 
15.5143 15.913 15.6081 -7.27038 -1.83689 -15.4251 -11.7673 8.9261 
-8.72991 -10.7679 -16 15.4908 15.8543 -15.9069 2.35138 15.6876 
15.3256 8.03494 4.14954 -15.6858 8.81332 -5.73746 -3.74862 -13.6091 
15.6025 -14.3132 -2.78577 15.8341 -14.8805 4.30188 -13.3602 15.5214 
-15.3924 10.7273 15.6586 -15.9441 -15.0558 15.9278 -0.318536 -16 
-9.44441 -6.05441 -15.8943 15.9934 -15.8809 -2.07184 -15.8522 -15.5742 
15.7888 15.7672 16 -15.8193 15.5926 10.8175 15.3684 -15.9058 
7.8998 16 15.3624 14.9693 0.635912 -14.7944 15.7801 15.9321 
-15.9476 -15.7211 15.9359 15.2527 9.70903 6.36747 -7.82369 15.4329 
9.70859 -16 -15.6637 11.8297 15.9278 -15.8541 15.9899 16 
15.1169 -15.9715 13.7788 15.9765 -15.5953 -15.8575 -15.8496 9.78464 
15.8118 -15.9802 -15.5784 11.9743 15.6775 15.165 7.45407 -9.00557 
15.9539 15.3072 -13.4995 -15.9233 -15.9234 10.2655 -15.9768 -15.6216 
-15.8688 15.4626 -15.3006 -15.5736 15.8492 -15.7208 15.537 -15.9902 
-15.5783 -9.56259 -15.9163 -7.76517 4.8933 15.6498 15.8818 0.258045 
15.5406 -9.84454 14.5875 -15.632 1.93991 -4.55286 -15.6592 -11.7184 
-15.9653 -15.9009 -2.34742 -15.9791 3.87378 15.6826 -15.9076 0.72668 
-15.7669 -15.7482 15.5318 15.5661 12.6649 -15.2385 -9.0421 -15.9124 
15.607 0.245408 -15.7629 -15.7649 -10.6883 -16 -15.4703 15.8363 
-15.5549 -12.6245 -7.47879 15.9229 15.4652 -15.3165 15.8677 15.662 
-14.9273 2.51673 -15.6612 16 -3.89815 15.6247 16 -10.0789 
-15.5677 15.7794 -10.6171 15.9265 -15.9506 7.11888 -15.8941 -12.0928 
12.9006 -13.3266 -15.6229 -0.383291 15.4549 -15.6775 16 -12.2718 
-15.8935 -2.77895 -4.5954 15.2917 -15.8883 15.7585 -2.99333 -15.6973 
-15.9993 15.9913 15.4834 -15.5345 16 -15.6721 -15.8454 -15.867 
5.52874 -15.6101 -15.6838 -3.99141 15.9812 15.9597 15.0038 15.7706 
15.9498 -2.64029 15.9158 -15.6055 15.9967 -1.2893 15.9657 15.6065 
15.9905 15.616 -15.9685 -0.617274 -8.30702 11.5932 8.28879 -15.6961 
-15.9026 -15.8534 -15.9285 -5.43 -12.6856 15.8393 15.53 -14.9536 
-15.872 15.6984 15.9672 12.0826 -15.2994 -4.65383 -15.7739 -14.5689 
15.8209 0.568782 15.9167 15.5598 -15.6421 3.89171 -15.6732 15.5399 
-1.22425 -15.9988 15.9326 8.02898 15.8734 -15.86 -9.38326 -6.48859 
-8.33442 -15.7053 -15.8998 -15.7427 15.9878 15.8484 -15.8718 16 
15.8081 15.9495 -15.6865 15.537 -15.8159 15.7752 7.58806 0.557029 
15.3872 -15.4114 15.9506 15.7344 15.2494 15.9629 15.9467 15.5469 
-15.8791 0.0690867 15.7193 15.5042 -15.9932 15.9282 -15.5981 -1.95242 
-2.85337 15.6875 16 -15.6 15.847 4.2532 -16 -15.9398 
16 10.8241 -15.7119 -14.6074 -15.9821 -15.7485 15.9957 15.9474 
-0.045599 15.9194 -15.968 -15.5954 15.1167 15.7696 -15.7851 14.6695 
-15.9563 -15.5621 -15.8013 15.5414 15.9917 15.2838 -16 15.7564 
-15.881 15.6152 9.39127 -14.5202 15.1692 -15.9885 15.4847 -16 
15.9868 -16 2.44109 -16 -3.26847 5.98761 -10.8117 15.279 
15.8966 -15.8852 16 -3.70972 -13.8924 15.7515 15.6502 1.24244 
14.7553 0.298223 -16 15.9948 16 -16 -16 -15.1017 
15.8024 13.2374 -15.6781 15.8377 -1.95275 1.39668 -0.710198 -5.98424 
-15.6151 -15.9483 -15.7026 -16 -15.8752 9.67543 -15.9619 8.9573 
-14.2081 16 -15.0936 15.0551 -5.79471 15.9727 -0.372587 15.9734 
15.3182 -15.9876 15.998 15.918 15.7326 -15.9189 -1.97177 -10.0634 
15.2188 15.7704 -15.8137 15.0711 -15.9253 -1.35003 15.9206 14.8334 
21
8
8
1
1
1 8
0.999436 0.229799 0.163789 0.0001 0.481122 0.389893 0.00738791 0.999033 
1
8 8
-7.18332 15.8669 -15.0591 9.47991 -15.2279 14.0413 -15.6015 15.2478 
3.9353 -15.9696 15.9357 -15.8622 -15.5954 6.7858 4.51964 -15.6183 
-14.225 -15.8867 2.53079 15.7532 15.6818 15.8118 7.97777 -15.414 
-15.8372 -15.6759 -7.1171 -16 -4.27348 4.82931 16 16 
15.9482 -11.3736 15.5999 15.8448 15.8871 -15.778 -6.31611 4.33604 
-11.3556 16 15.6532 -15.5643 -15.9779 -0.928089 15.8275 -15.367 
15.9787 -10.6817 -7.86244 -9.6265 15.9559 -16 -15.881 -15.9151 
6.15454 -14.935 -15.0217 15.7393 -15.9792 -15.8956 -15.9045 10.5911 
1
1 8
-3.95205 -3.96888 3.43514 -3.96818 -3.92334 3.92501 3.82314 3.8596 
1
63 8
15.6575 -15.3587 15.8678 15.7731 15.4435 -15.9708 -13.7798 -15.6363 
16 15.8903 -15.2817 -14.6739 -15.7728 6.15116 -3.3025 15.9482 
-15.9421 15.7735 15.2061 -15.653 -15.4629 -15.6597 15.9843 15.4897 
15.9291 -15.8982 9.83561 -15.9781 13.0685 14.0239 16 -15.5388 
12.5444 15.9068 15.6637 -15.8152 -15.7886 -15.5286 -15.1357 -11.6031 
15.8867 -3.47217 -1.33526 15.984 -15.9509 15.9672 -4.5357 6.46097 
-15.7154 15.6759 -15.6572 -4.37098 5.30471 -2.32965 -15.9102 5.41034 
-11.4051 16 5.79332 15.9554 -15.9329 -16 15.978 -15.941 
-15.8774 15.2814 2.46463 -15.7949 15.627 15.5903 4.28454 15.7858 
16 -15.3372 15.8365 15.3368 13.3223 -15.3789 15.7548 16 
-3.26994 -5.96086 15.9958 -15.4982 -15.9657 -15.7876 -6.05387 15.5245 
-15.7531 15.3108 15.476 9.8254 12.5598 -15.7193 -15.8208 15.5794 
-15.4831 15.9155 -6.56059 -15.4424 -15.9394 -16 -1.81815 15.9041 
-15.8675 -15.9934 15.8177 0.918981 -4.80253 -15.9199 -15.7842 6.22446 
15.5468 15.8803 15.5974 -7.34181 -1.84404 -15.455 -11.8012 8.91018 
-8.71787 -10.7933 -16 15.5024 15.89 -15.9 2.4054 15.6868 
15.3357 8.06768 4.15086 -15.7259 8.80021 -5.75482 -3.76069 -13.6153 
15.5803 -14.3094 -2.83816 15.8375 -14.8293 4.23504 -13.3657 15.5538 
-15.4058 10.7174 15.6896 -15.9689 -15.0917 15.9153 -0.272982 -16 
-9.4688 -6.09799 -15.8771 15.9965 -15.8533 -2.04828 -15.8303 -15.5767 
15.75 15.7783 15.9871 -15.7961 15.5972 10.84 15.3188 -15.9443 
7.80125 16 15.3824 15.0202 0.654789 -14.8067 15.8031 15.965 
-15.9305 -15.724 15.9672 15.2445 9.75656 6.32275 -7.86635 15.4276 
9.74622 -15.9749 -15.7031 11.8449 15.9494 -15.8788 15.9868 15.9521 
15.1316 -15.9872 13.8074 15.9478 -15.579 -15.8732 -15.8268 9.78074 
15.8088 -15.9349 -15.4935 11.9702 15.6876 15.1612 7.4605 -9.00533 
15.9963 15.2532 -13.4983 -15.9245 -15.9301 10.2743 -15.9634 -15.6792 
-15.9045 15.4688 -15.3318 -15.5696 15.842 -15.728 15.5499 -15.9613 
-15.5812 -9.53068 -15.9584 -7.74773 4.9242 15.635 15.8838 0.283426 
15.5726 -9.8868 14.6018 -15.6313 1.93263 -4.55099 -15.6654 -11.7173 
-15.9843 -15.8834 -2.33729 -15.9635 3.82737 15.6713 -15.8851 0.689208 
-15.7468 -15.6909 15.537 15.6076 12.6578 -15.2306 -9.06546 -15.9186 
15.6255 0.277545 -15.767 -15.7677 -10.7071 -15.9824 -15.4279 15.8652 
-15.5598 -12.5614 -7.51939 15.9276 15.4582 -15.3639 15.9143 15.6439 
-14.9181 2.51956 -15.6374 15.9634 -3.91985 15.6601 16 -10.086 
-15.5482 15.7832 -10.6384 15.8837 -15.9233 7.10513 -15.9504 -12.0145 
12.8875 -13.3089 -15.6169 -0.349511 15.493 -15.6093 16 -12.2563 
-15.9655 -2.837 -4.56133 15.2841 -15.9121 15.6798 -2.93734 -15.6983 
-15.9905 16 15.4818 -15.5417 16 -15.6832 -15.8436 -15.8077 
5.52948 -15.6255 -15.7246 -3.99127 16 15.9453 14.9941 15.7029 
15.959 -2.60471 15.8697 -15.6507 16 -1.30313 16 15.5784 
16 15.5744 -15.9992 -0.65875 -8.34094 11.5843 8.32994 -15.6918 
-15.9088 -15.7955 -15.994 -5.46761 -12.6807 15.8335 15.5568 -14.9564 
-15.8832 15.6825 15.9759 12.1364 -15.2805 -4.63462 -15.7548 -14.5999 
15.7967 0.584617 15.9216 15.5606 -15.6307 3.85819 -15.7163 15.5214 
-1.23123 -16 15.9464 8.01394 15.8635 -15.8686 -9.3433 -6.45575 
-8.29959 -15.7128 -15.9268 -15.7659 15.9772 15.911 -15.8555 15.9613 
15.8011 15.8566 -15.7334 15.5819 -15.8053 15.7668 7.59255 0.517264 
15.3332 -15.4284 15.9525 15.7323 15.3054 16 15.9258 15.519 
-15.897 0.0837789 15.8001 15.5589 -15.9835 15.9739 -15.612 -1.95389 
-2.91486 15.7105 15.9669 -15.6136 15.8264 4.31371 -16 -15.9525 
15.9944 10.8435 -15.6638 -14.6072 -15.9848 -15.7009 15.9352 15.974 
0.00695539 15.8852 -15.9358 -15.627 15.1152 15.7532 -15.7473 14.6073 
-15.9351 -15.5999 -15.8232 15.5416 16 15.2916 -15.9887 15.7505 
-15.8122 15.6089 9.3284 -14.5371 15.147 -15.9996 15.5351 -16 
15.9652 -16 2.42952 -16 -3.24131 6.02116 -10.858 15.2504 
15.8601 -15.9011 15.9981 -3.71084 -13.8822 15.7659 15.6788 1.25996 
14.7278 0.318988 -16 15.9867 15.9788 -15.9613 -15.9937 -15.1368 
15.7991 13.1937 -15.6868 15.8288 -1.99039 1.3769 -0.72521 -6.02784 
-15.6193 -15.9742 -15.7389 -15.9898 -15.8442 9.72824 -15.9593 8.92241 
-14.2892 16 -15.1063 15.0345 -5.80447 15.9818 -0.374597 15.9672 
15.3149 -15.9999 15.9952 15.9549 15.7313 -15.8273 -2.00852 -10.107 
15.257 15.8116 -15.7881 15.0242 -15.9019 -1.32515 15.9169 14.7815 
21
8
8
